	CAMP0015	CAMP0024	CAMP0028	CAMP0041	CAMP0052	CAMP0059	CAMP0100	CAMP0104	CAMP0111	CAMP0117	CAMP0138	CAMP0182	CAMP0273	CAMP0319	CAMP0338	CAMP0351	CAMP0355	CAMP0367	CAMP0374	CAMP0399	CAMP0455	CAMP0471	CAMP0496	CAMP0501	CAMP0502	CAMP0504	CAMP0505	CAMP0532	CAMP0535	CAMP0540	CAMP0556	CAMP0565	CAMP0572	CAMP0597	CAMP0614	CAMP0626	CAMP0633	CAMP0755	CAMP0757	CAMP0768	CAMP0775	CAMP0791	CAMP0792	CAMP0847	CAMP0857	CAMP0867	CAMP0881	CAMP0905	CAMP0918	CAMP0950	CAMP0967	CAMP0969	CAMP0972	CAMP1019	CAMP1022	CAMP1042	CAMP1048	CAMP1053	CAMP1074	CAMP1085	CAMP1100	CAMP1104	CAMP1116	CAMP1124	CAMP1158	CAMP1185	CAMP1186	CAMP1197	CAMP1198	CAMP1208	CAMP1211	CAMP1262	CAMP1275	CAMP1280	CAMP1294	CAMP1301	CAMP1311	CAMP1313	CAMP1319	CAMP1322	CAMP1355	CAMP1357	CAMP1364	CAMP1372	CAMP1384	CAMP1411	CAMP1416	CAMP1430	CAMP1432	CAMP1502	CAMP1503	CAMP1508	CAMP1529	CAMP1537	CAMP1541	CAMP1567	CAMP1568	CAMP1571	CAMP1578	CAMP1581
06_2855	25	26	19	1	1	1	1	1	25	1	28	27	1	21	1	1	1	1	1	1	1	1	27	27	29	27	24	1	22	25	1	1	1	24	24	1	20	1	1	1	24	13	23	1	27	1	26	1	1	1	23	30	24	1	11	1	1	25	9	1	1	1	1	1	1	28	1	18	26	1	1	1	1	1	1	1	13	7	14	27	15	1	27	26	24	23	1	115	1	24	23	22	1	1	1	1	1	1	21	1
06_2866	2	2	2	2	2	2	2	2	2	2	30	2	1	5	5	5	4	4	5	5	5	119	5	5	5	5	5	5	5	5	5	2	5	5	5	5	5	5	5	5	5	5	4	4	5	5	4	5	5	2	5	5	4	3	2	5	4	5	2	4	5	3	5	5	5	5	5	3	5	4	5	5	3	5	5	5	4	3	5	4	2	4	5	5	5	5	5	5	4	5	4	5	5	5	5	5	5	5	5	5
06_3245	115	21	16	5	20	22	22	22	20	22	22	23	22	18	61	1	1	1	20	22	22	21	21	23	23	22	22	28	20	22	20	20	19	20	21	22	40	20	24	20	21	20	20	20	22	18	184	20	23	81	14	25	26	22	11	21	18	20	6	66	39	27	21	22	14	23	69	18	26	23	22	182	1	14	1	1	1	7	22	20	7	22	20	22	22	20	19	64	4	19	13	19	13	23	21	21	21	23	19	21
06_3569	115	21	16	5	20	22	22	22	20	22	22	23	22	21	61	1	1	1	20	22	22	21	21	23	23	22	22	28	20	22	20	20	19	20	21	22	40	20	24	20	21	20	20	20	22	18	184	20	23	81	14	25	26	22	11	21	18	20	6	66	39	5	1	22	14	23	69	18	26	23	22	22	1	14	1	1	1	7	22	20	7	22	20	22	22	20	19	64	4	19	13	19	13	23	21	21	21	23	19	21
06_3783	17	19	136	3	13	20	14	14	13	20	45	23	19	27	19	20	16	17	148	19	20	18	1	38	110	20	19	19	17	128	18	217	5	14	19	20	14	14	192	18	18	78	44	17	20	83	19	80	19	70	20	20	19	18	5	19	1	18	22	18	47	5	1	20	19	21	19	14	20	138	20	20	18	20	39	19	26	22	20	183	8	20	165	19	49	127	13	114	23	17	18	17	19	79	19	1	19	83	17	1
06_3849	17	19	16	1	13	20	14	14	13	20	45	23	19	27	19	20	16	17	148	19	20	18	1	38	110	20	19	19	17	128	18	217	5	14	19	20	14	14	192	18	18	78	44	17	20	83	19	80	1	70	20	20	19	18	5	19	1	18	22	18	47	5	1	20	19	21	19	14	20	138	20	20	18	20	136	42	47	86	20	183	8	20	165	19	49	127	13	25	23	17	18	17	19	79	19	1	19	83	17	1
06_3851	17	19	136	3	13	20	14	14	13	20	45	23	19	27	19	20	16	17	148	19	20	18	1	38	110	20	19	19	17	128	18	217	5	14	19	20	14	14	192	18	18	78	44	17	20	83	19	80	19	70	20	20	19	18	5	19	1	18	22	18	47	5	1	20	19	21	19	14	20	138	20	20	18	20	39	19	26	22	20	183	8	20	165	19	49	127	13	114	23	17	18	17	19	79	19	1	19	83	17	1
06_3852	166	19	21	6	13	20	14	14	13	20	45	23	198	27	19	20	16	17	148	19	20	18	1	38	110	20	19	19	17	128	18	217	5	14	19	20	14	14	192	18	18	78	44	17	20	83	19	80	1	70	20	20	19	18	5	19	1	18	22	18	47	5	1	20	19	21	19	14	20	138	20	20	18	20	39	145	20	14	20	183	8	20	165	19	49	127	13	25	23	17	18	17	19	79	19	1	19	83	17	1
06_4734	1	42	24	6	30	39	14	35	1	1	41	41	36	23	1	1	38	36	38	38	41	40	38	45	5	5	179	42	111	42	1	41	1	18	128	47	14	14	45	35	41	37	39	33	40	32	43	36	36	18	42	47	37	39	18	36	1	40	27	32	43	5	1	20	41	42	36	25	1	30	43	41	37	39	33	1	42	34	36	40	33	39	24	39	43	20	20	1	1	30	31	13	35	38	25	1	1	39	33	1
06_4911	2	2	2	2	2	2	2	2	2	2	30	2	1	5	5	5	4	4	5	5	5	119	5	5	5	5	5	5	5	5	5	2	5	5	5	5	5	5	5	5	5	5	4	4	5	5	4	5	5	2	5	5	4	3	2	5	4	5	2	4	5	3	5	149	5	5	5	3	5	4	5	5	3	5	5	5	4	3	5	4	2	4	5	5	5	5	5	5	4	5	4	5	5	5	5	5	5	5	5	5
06_5176	21	21	148	2	2	2	28	2	2	2	159	2	1	5	129	5	4	4	5	5	5	5	5	5	174	5	5	5	5	5	47	232	5	5	5	5	5	19	5	5	5	5	19	4	24	5	4	5	26	2	180	5	4	3	2	5	141	5	173	18	5	3	5	5	25	228	132	3	5	140	170	33	3	5	5	5	22	17	26	46	42	4	5	5	200	5	5	5	4	5	4	5	5	5	5	162	5	5	5	5
06_5790	25	254	19	6	1	1	1	1	133	189	162	27	1	21	1	136	1	1	1	1	1	120	36	38	124	62	24	1	24	14	1	11	48	183	24	267	20	1	1	1	24	118	149	1	134	1	26	1	124	1	23	30	24	1	11	1	1	31	172	1	42	5	1	1	1	28	62	18	26	25	34	159	1	1	1	1	13	7	14	4	1	1	56	38	1	1	13	1	1	24	1	1	24	1	1	1	139	134	110	1
06_6211	1	42	24	6	30	81	14	35	1	1	41	41	36	23	1	1	38	36	38	38	173	128	38	45	5	5	41	155	38	42	25	41	1	18	79	47	14	14	201	106	41	37	39	33	40	32	188	36	36	18	42	47	25	39	18	36	1	70	27	32	5	5	34	151	136	92	29	25	1	30	43	169	224	39	33	1	42	34	36	40	33	39	24	39	43	20	20	1	1	30	31	68	35	38	25	1	1	128	33	1
06_6212	2	61	2	2	2	2	28	2	2	188	30	2	1	5	5	5	4	4	5	5	5	5	29	25	28	25	21	5	5	5	5	233	5	51	5	32	21	19	32	5	29	25	19	4	24	146	4	17	26	266	5	5	4	29	14	5	4	5	2	22	5	3	1	5	32	5	5	3	5	4	5	27	3	5	5	5	26	22	27	30	21	31	26	5	5	5	20	5	4	5	4	5	5	5	5	5	5	5	5	5
06_6554	17	19	16	1	13	20	14	14	13	20	45	23	19	27	19	20	16	17	148	19	20	18	1	38	110	20	19	19	17	128	18	217	5	14	19	20	14	14	192	18	18	78	44	17	20	83	19	80	1	70	20	20	19	18	5	19	1	18	22	18	47	5	1	20	19	21	19	14	20	138	20	20	18	20	136	42	47	86	20	183	8	20	165	19	49	127	13	25	23	17	18	17	19	79	19	1	19	83	17	1
06_7331	195	41	24	1	1	1	29	1	1	32	1	34	212	23	31	1	188	1	26	28	31	30	27	72	36	5	30	30	24	31	26	30	1	29	30	34	27	1	34	14	1	13	156	1	30	1	32	26	27	61	23	36	25	24	32	1	143	31	56	1	30	21	151	162	31	90	45	1	48	25	179	71	26	28	67	28	17	26	28	88	35	13	87	31	30	26	23	28	27	25	25	1	24	1	186	1	1	1	25	1
06_7332	25	254	19	6	1	1	1	1	133	189	157	27	1	21	1	136	1	1	1	1	1	120	36	38	124	62	24	1	24	14	1	11	48	164	24	262	20	1	1	1	24	118	149	1	134	1	26	1	124	1	23	30	24	1	11	1	1	31	172	1	42	5	1	1	1	28	62	18	26	25	34	159	1	1	1	1	13	7	14	4	1	1	56	38	1	1	13	1	1	24	1	1	24	1	1	1	139	134	110	1
06_7515	21	21	18	67	20	22	22	22	20	22	22	23	22	18	21	23	18	23	20	22	171	21	21	23	35	22	23	28	20	22	20	20	19	14	21	248	40	1	24	70	21	20	20	20	22	144	13	14	14	264	14	160	26	22	6	21	1	20	6	20	22	68	21	22	14	23	21	11	94	23	22	166	222	36	1	1	21	16	22	20	92	22	20	22	122	20	21	23	20	19	13	19	13	23	21	21	21	23	19	21
06_7585	2	61	2	2	2	2	28	2	2	188	30	2	1	5	5	5	4	4	5	5	5	5	29	25	28	25	21	5	5	5	5	233	5	51	5	32	21	19	32	5	29	25	19	4	24	146	4	17	26	266	5	5	4	29	14	5	4	5	2	22	5	3	1	5	32	5	5	3	5	4	5	27	3	5	5	5	26	22	27	30	21	31	26	5	5	5	20	5	4	5	4	5	5	5	5	5	5	5	5	5
06_7656	22	41	149	1	1	1	29	1	1	32	160	34	1	28	31	29	96	22	86	89	31	30	27	72	36	5	30	124	24	31	133	30	1	29	30	166	27	64	34	14	1	13	13	20	32	1	32	26	27	52	23	36	25	24	32	1	25	31	70	25	30	17	23	28	31	92	29	1	1	25	34	1	235	28	67	28	17	26	28	88	35	13	32	31	30	26	23	116	27	25	25	1	24	1	30	1	72	1	25	1
07_0549	35	145	104	1	86	88	45	43	39	73	113	32	125	40	37	36	72	63	70	45	78	94	25	5	171	44	51	114	42	45	38	136	41	47	23	154	87	38	51	41	34	44	48	39	45	98	52	117	44	100	132	50	95	94	24	58	38	61	35	30	108	27	95	116	25	51	43	29	49	68	126	119	125	118	98	42	47	86	38	49	103	113	133	107	52	13	83	64	4	37	48	42	42	42	129	67	39	43	40	21
07_0675	171	145	104	1	86	88	45	43	39	73	113	32	125	40	37	36	72	63	70	45	78	94	25	5	171	44	51	114	42	45	38	136	41	47	23	154	87	38	51	41	34	44	48	111	45	98	52	85	44	100	132	50	122	94	24	58	38	61	156	30	108	27	95	116	25	51	43	29	49	68	126	1	125	118	98	42	47	86	38	49	103	113	133	107	52	13	83	64	4	37	48	42	42	42	129	67	39	43	40	21
07_0971	21	21	16	5	20	22	22	22	20	22	22	23	22	18	61	135	1	1	20	22	22	21	21	23	23	22	22	28	20	22	20	20	19	20	21	22	40	20	24	20	21	20	20	20	22	18	30	20	23	81	14	25	26	22	6	108	18	20	6	66	39	27	21	22	14	23	69	18	26	23	22	22	1	14	1	1	1	7	22	20	7	22	20	22	22	20	19	64	4	19	13	19	13	23	21	21	21	23	19	21
07_1009	31	115	79	2	2	2	23	45	22	49	24	2	200	5	118	5	4	20	5	5	167	5	23	25	28	25	21	23	5	21	5	22	20	5	5	57	5	19	29	109	123	25	135	4	24	133	4	5	26	159	5	28	4	21	2	5	4	123	2	22	136	3	132	24	128	5	5	3	102	23	24	23	3	5	5	5	26	22	27	26	43	46	26	5	5	5	20	22	22	5	4	5	23	5	5	5	5	5	5	5
07_1493	25	21	16	5	20	22	22	22	20	22	22	23	22	18	61	1	1	1	20	22	22	21	21	23	23	22	22	28	20	22	20	20	19	20	21	22	40	20	24	20	21	20	20	20	22	18	184	20	23	81	14	25	26	22	11	21	18	20	6	66	39	27	21	22	14	23	69	18	26	23	22	22	1	14	1	1	1	7	22	20	7	22	20	22	22	20	19	64	4	19	13	19	13	23	21	21	21	23	19	21
07_1875	21	21	18	67	20	22	22	22	20	22	22	23	22	18	21	23	18	23	20	22	171	21	21	23	35	22	23	28	20	22	20	20	19	14	21	248	40	1	24	70	21	20	20	20	22	18	1	20	23	81	14	25	26	22	6	21	1	20	6	20	22	68	21	22	139	23	21	11	94	23	22	166	222	36	1	1	21	16	22	20	92	22	20	22	122	20	21	23	115	19	13	19	13	23	21	21	21	23	19	21
07_2174	25	19	19	6	30	39	14	35	1	1	41	41	36	23	1	1	38	36	38	38	41	40	38	45	5	5	179	42	111	42	25	41	1	18	128	47	14	14	45	35	41	37	39	33	40	32	43	36	36	18	161	25	26	39	18	36	1	40	27	32	43	5	34	40	41	42	36	25	1	30	43	41	37	39	33	1	42	34	36	40	33	39	24	39	43	20	20	1	1	30	31	13	35	38	25	1	1	39	33	1
07_2680	1	46	24	1	1	1	1	1	1	1	1	34	41	5	40	1	1	23	169	28	32	30	41	36	32	1	31	30	24	143	27	31	1	30	31	48	38	1	46	14	32	23	21	36	32	1	32	26	27	52	33	166	25	24	25	1	25	32	18	25	45	28	1	44	34	92	29	1	1	25	34	30	26	28	24	30	17	16	5	41	24	30	32	32	31	1	1	23	38	25	1	1	24	1	30	165	1	1	27	1
07_3238	39	14	2	3	13	1	1	1	1	1	1	27	1	21	1	1	1	1	1	1	1	37	27	41	32	1	36	1	24	25	1	218	1	14	1	40	28	1	1	1	24	13	23	1	27	1	1	1	1	19	1	1	1	1	11	1	1	1	22	25	36	5	1	1	1	1	1	25	36	1	1	36	39	1	1	1	1	7	14	28	1	1	1	1	1	1	1	1	1	24	1	37	24	1	1	1	1	1	1	1
07_3508	21	21	2	2	2	2	28	2	2	2	30	2	1	118	5	5	4	4	5	5	5	5	5	5	174	5	5	53	45	131	118	2	55	5	5	5	5	19	5	5	5	5	19	4	137	5	4	5	26	2	5	28	48	3	2	107	129	122	2	4	5	3	5	5	25	228	132	3	139	140	157	161	215	5	5	5	22	17	26	46	42	4	5	5	5	5	109	40	111	5	4	5	5	5	5	5	127	5	5	5
07_3647	2	2	2	2	2	2	2	2	2	2	30	2	1	5	5	5	4	4	5	5	5	119	5	5	5	5	5	5	5	5	5	2	5	5	5	5	5	5	5	5	5	5	4	4	5	5	4	5	5	2	5	5	4	3	2	5	4	5	2	4	5	3	5	5	5	5	5	3	88	4	5	5	3	5	5	5	4	3	5	4	2	4	5	5	5	5	5	5	4	5	4	5	5	5	5	5	5	5	5	5
07_3853	2	2	2	2	2	2	2	2	134	2	158	2	1	5	5	5	4	4	5	154	5	5	5	5	5	5	5	5	5	5	5	2	5	5	5	5	5	19	5	5	5	5	19	4	5	5	4	5	5	2	5	5	4	3	2	5	4	5	2	4	5	3	5	5	5	5	5	3	5	4	5	161	3	5	5	5	26	22	27	47	42	4	5	5	198	5	109	5	4	5	4	5	5	5	5	161	5	5	5	5
07_4076	2	2	2	2	2	2	2	2	2	2	30	2	1	5	5	5	4	4	5	5	5	119	5	5	5	5	5	5	5	5	5	2	5	5	5	5	5	5	5	5	5	5	4	4	5	5	4	5	5	2	5	5	4	3	2	5	4	5	2	4	5	3	5	149	5	5	5	3	5	4	5	5	3	5	5	5	4	3	5	4	2	4	5	5	5	5	5	5	4	5	4	5	5	5	5	5	5	5	5	5
07_4268	39	21	10	3	13	1	14	14	13	37	45	14	13	5	1	1	173	13	14	14	14	13	14	14	14	14	14	37	14	37	13	11	37	39	34	43	28	14	14	14	13	13	13	109	14	13	13	14	14	17	14	14	13	12	3	1	1	14	3	66	39	27	1	14	14	14	14	11	14	1	14	13	12	14	126	35	13	7	14	36	3	13	14	14	14	33	13	14	13	13	13	13	13	13	14	14	14	122	14	14
07_4269	20	23	15	2	20	2	23	21	22	24	24	2	1	5	23	5	4	20	29	5	5	20	23	25	25	23	21	23	5	21	5	22	20	5	5	24	5	112	23	5	5	109	19	4	24	5	4	5	22	6	5	24	4	21	2	5	4	5	2	22	5	3	5	24	29	5	23	3	5	23	24	23	3	5	5	22	23	18	24	22	10	1	22	5	5	5	20	22	22	5	4	5	23	5	127	5	5	5	5	5
07_4428	39	1	2	1	13	1	1	1	1	1	1	27	1	21	1	1	1	1	1	1	1	126	27	41	32	132	36	1	24	25	1	1	1	42	1	40	28	1	14	1	24	13	23	1	27	1	1	1	1	19	165	1	1	1	11	1	1	1	22	25	36	5	1	1	1	1	1	25	36	1	1	36	220	1	1	1	1	7	1	1	1	1	1	1	1	1	1	1	1	24	1	132	24	1	1	1	1	1	1	1
07_5038	35	14	10	1	13	1	1	37	35	1	1	2	37	21	1	1	1	1	1	1	1	37	27	41	32	1	36	1	24	25	1	1	41	42	1	40	36	1	35	1	24	38	40	1	27	1	1	1	1	19	1	1	13	1	11	1	1	1	22	25	39	27	1	36	1	1	1	25	36	1	45	36	39	1	1	1	1	7	14	28	1	1	1	1	1	1	1	1	1	24	1	37	24	1	1	1	1	1	1	1
07_5039	17	19	136	3	13	20	14	14	13	20	45	23	19	27	19	20	16	17	148	19	20	18	1	38	110	20	19	19	17	128	18	217	5	172	19	20	14	14	192	18	18	78	44	17	20	83	19	80	19	70	20	20	19	18	5	19	1	18	22	18	47	5	1	20	19	21	19	14	20	138	20	20	18	20	39	19	26	22	20	183	8	20	165	19	49	127	13	114	23	17	18	17	19	79	19	1	19	83	17	1
07_5041	1	231	21	1	13	1	1	1	1	1	1	27	1	21	1	1	1	1	14	1	1	37	27	41	170	1	36	37	34	37	116	11	37	14	34	40	28	1	1	1	24	13	23	1	27	1	1	1	1	17	37	1	1	12	3	1	1	14	22	25	36	5	1	1	1	23	129	25	36	1	1	36	12	14	14	35	13	7	14	36	1	30	14	14	14	33	13	14	31	13	13	13	31	13	14	29	1	1	1	1
07_5321	35	21	10	3	13	1	14	14	13	37	45	14	13	5	37	36	72	13	14	14	14	13	14	14	14	14	14	37	14	37	13	11	37	39	34	43	28	109	14	14	13	13	13	109	14	13	13	14	14	17	14	14	13	12	3	1	1	14	3	66	39	27	1	14	14	14	14	11	14	1	14	13	12	14	126	35	13	7	14	36	3	13	14	14	14	33	13	14	13	13	13	13	13	13	14	14	14	122	14	14
07_5425	35	14	10	1	13	1	1	37	35	1	1	131	37	21	1	1	1	1	1	1	1	37	27	41	32	1	36	1	24	25	1	1	19	42	1	40	36	1	35	1	24	38	40	1	27	1	1	1	1	19	1	1	13	1	11	113	1	132	22	25	39	27	1	36	1	1	1	25	36	1	45	36	220	1	1	1	1	7	14	28	1	1	1	1	1	1	1	1	1	24	1	37	24	1	1	1	1	1	1	1
07_5581	39	1	2	1	13	1	1	1	1	1	1	45	1	21	1	1	1	1	1	1	1	126	27	41	32	132	36	1	24	25	1	1	1	42	1	40	28	1	14	1	24	13	23	1	27	1	1	1	1	19	165	1	1	1	11	1	1	1	22	25	36	5	135	1	1	1	1	25	36	1	1	36	220	1	1	1	1	7	1	1	1	1	1	1	1	1	1	1	1	24	1	132	24	1	1	1	1	1	1	1
07_5583	39	1	2	1	13	1	1	1	1	1	1	27	1	21	1	1	1	1	1	1	1	126	27	41	32	132	36	165	24	25	1	1	1	42	1	40	28	1	14	1	24	13	23	1	27	1	197	1	1	19	165	1	1	1	11	1	1	1	22	25	36	5	1	1	1	1	1	25	36	1	1	36	220	1	1	1	1	7	1	1	1	1	1	1	1	1	1	1	1	24	1	132	24	1	1	1	1	1	1	1
07_6017	35	264	10	1	13	1	1	37	35	1	1	2	1	21	1	1	1	1	1	1	1	37	27	41	32	1	36	1	24	25	1	1	41	42	1	40	36	1	35	1	24	38	40	1	27	1	1	1	1	19	1	1	13	1	11	1	1	1	182	25	39	27	1	36	1	1	1	25	36	1	45	36	39	1	1	1	1	7	14	28	1	1	1	1	1	1	1	1	1	24	1	37	24	1	1	1	1	1	1	1
07_6066	35	14	10	1	13	1	1	37	35	1	1	133	37	21	1	1	1	1	1	1	1	37	27	41	32	1	36	1	24	25	1	1	41	42	1	40	36	1	35	1	24	38	40	1	27	1	1	1	1	19	1	1	13	1	11	1	1	1	22	25	39	27	1	36	1	1	1	25	36	1	45	36	39	1	1	1	1	7	14	28	1	1	1	1	1	1	1	1	1	24	1	37	24	1	1	1	1	1	1	1
07_6215	1	1	21	1	13	1	1	1	1	1	1	27	1	21	1	1	182	1	14	1	1	37	27	41	170	1	36	37	34	37	13	11	37	14	34	40	28	1	1	1	136	13	23	1	27	1	1	1	1	17	37	1	1	12	3	1	1	14	22	25	36	5	1	1	1	23	129	25	36	1	1	36	12	14	14	35	13	7	14	36	1	30	14	14	14	33	13	14	31	13	13	13	31	13	14	29	1	1	1	1
07_7314	31	115	79	2	2	2	23	45	121	49	24	2	200	5	118	5	4	20	5	5	167	5	23	25	28	25	21	23	5	21	5	22	20	5	5	57	5	19	29	5	123	25	135	4	24	133	4	5	26	6	5	28	4	21	2	5	4	123	2	22	136	3	132	24	128	5	5	3	141	23	24	23	3	5	5	5	26	22	27	26	43	46	26	5	5	5	20	22	22	5	4	5	23	5	5	5	5	5	5	5
07_7324	1	46	2	79	33	1	1	1	1	1	1	34	1	59	33	74	1	22	109	1	32	62	27	70	74	14	76	1	24	135	1	225	107	116	78	144	82	50	119	78	33	88	13	82	142	1	186	26	73	174	106	115	59	24	33	1	71	70	74	34	41	14	5	93	134	1	84	118	1	83	161	111	116	112	39	99	74	74	5	41	70	109	44	84	135	37	79	33	33	17	22	92	112	1	1	112	77	96	117	70
07_7331	35	14	10	1	13	1	1	37	35	1	1	2	37	21	1	1	1	1	1	1	1	37	27	41	32	135	36	1	24	25	1	1	41	42	1	40	36	1	35	1	24	38	40	1	27	1	1	1	1	19	1	1	13	1	11	1	1	1	22	25	39	27	1	36	1	1	1	25	36	1	45	36	39	1	1	1	1	7	14	28	1	1	1	1	1	1	1	1	1	24	1	37	24	1	1	1	1	1	1	1
08_0094	2	2	2	2	2	2	2	2	2	2	30	2	1	5	5	5	4	4	5	5	5	119	5	5	5	5	5	5	5	127	5	2	5	5	5	5	5	5	5	5	5	5	4	4	5	5	4	5	5	2	5	5	4	3	2	5	4	5	2	4	5	3	5	5	5	5	5	3	88	4	5	5	3	5	5	5	4	3	5	4	2	4	5	5	5	5	5	5	4	5	4	5	5	5	5	5	5	5	5	5
08_0096	21	21	2	2	2	2	28	2	2	2	30	2	1	118	5	5	4	4	5	5	5	5	5	5	174	5	5	53	45	131	118	2	55	5	5	5	5	19	5	5	5	5	19	4	137	5	4	5	26	2	5	28	48	3	2	107	129	122	2	4	5	3	5	5	25	228	132	3	5	140	157	161	215	5	5	5	22	17	26	46	42	4	5	5	5	5	109	40	111	5	4	5	5	5	5	5	127	5	5	5
08_0099	20	23	15	2	20	2	23	21	22	24	24	2	1	5	23	5	4	20	29	5	5	20	23	25	25	23	21	23	5	21	5	22	20	5	5	24	5	19	23	5	5	109	19	4	24	5	4	5	22	6	5	24	4	21	2	5	4	5	2	22	5	3	5	24	29	5	23	3	5	23	24	23	3	5	5	22	23	18	24	22	10	1	22	5	5	5	20	22	22	5	4	5	23	5	127	5	5	5	5	5
08_0100	21	21	2	2	2	2	28	2	2	2	30	2	1	118	5	5	4	4	5	5	5	5	5	5	174	5	5	53	45	131	118	2	55	5	5	5	5	19	5	5	5	5	19	4	137	5	4	5	26	2	5	28	48	3	2	107	129	122	2	4	5	3	5	5	25	228	132	3	5	140	157	161	215	5	5	5	22	17	26	46	42	4	5	5	5	5	109	40	111	5	4	5	5	5	5	5	127	5	5	5
08_1700	39	14	10	3	1	22	14	14	13	37	45	14	13	5	1	14	8	13	14	14	14	13	14	136	14	14	14	1	14	14	13	11	37	14	34	241	14	14	14	14	13	13	13	12	14	13	180	14	14	17	14	14	13	12	3	1	1	14	3	66	39	27	1	14	14	14	14	11	14	1	14	13	12	14	14	35	13	7	14	36	3	13	14	14	14	33	13	14	13	13	13	13	13	13	14	14	14	14	14	14
08_1709	166	19	21	6	13	20	14	14	13	20	45	23	198	27	19	20	16	17	148	19	20	18	1	38	110	20	19	19	17	139	18	217	5	14	19	20	14	14	192	18	18	78	44	17	20	83	19	80	1	70	20	20	19	18	5	19	1	18	22	18	47	5	1	20	19	21	19	14	20	138	20	20	18	20	39	145	20	14	20	183	8	20	165	19	49	127	13	25	23	17	18	17	19	79	19	1	19	83	17	1
08_1711	166	19	21	6	13	20	14	14	13	20	45	23	198	27	19	20	16	17	148	19	20	18	1	38	110	20	19	19	17	128	18	217	5	14	19	20	14	14	192	18	18	78	44	17	20	83	19	80	1	70	20	20	19	18	5	19	1	18	22	18	47	5	1	20	19	21	19	14	20	138	20	20	18	20	39	145	20	14	20	183	8	20	165	19	49	127	13	25	23	17	18	17	19	79	19	1	19	83	17	1
08_1714	35	14	10	1	13	1	1	37	35	1	1	2	37	21	1	1	1	1	1	1	1	37	27	41	32	1	36	1	24	25	1	1	41	42	1	40	36	1	35	1	24	38	40	1	27	1	1	1	1	19	1	1	13	1	11	1	1	1	22	25	39	27	1	36	1	1	1	25	36	1	45	36	39	1	1	1	1	7	14	28	1	1	1	1	1	1	1	1	1	24	1	37	24	1	1	1	1	1	1	1
08_4456	167	2	2	2	2	2	2	2	2	2	30	2	1	5	5	5	4	4	5	5	5	119	5	5	5	5	5	5	5	5	5	2	5	163	5	5	5	5	5	5	5	5	4	4	5	5	4	5	5	2	5	28	48	3	2	5	4	5	2	4	5	3	5	5	5	5	5	3	136	4	5	5	3	5	5	5	4	3	5	4	2	4	5	5	5	5	5	31	32	5	4	5	5	5	5	5	5	5	5	5
08_4460	167	2	146	2	2	2	2	2	2	2	30	2	1	5	5	5	4	4	5	5	5	119	5	5	5	5	5	5	5	5	5	2	5	163	5	5	5	5	5	5	5	5	4	4	5	5	4	5	5	2	5	28	48	3	2	5	4	5	2	4	5	3	5	5	5	5	5	3	136	4	5	5	3	5	5	5	4	3	5	4	2	4	5	5	5	5	5	31	32	5	4	5	5	5	5	5	5	5	5	5
08_4461	167	2	2	2	2	2	2	2	2	2	30	2	1	5	5	5	4	4	5	5	5	119	5	5	5	5	5	5	5	5	5	2	5	163	5	5	5	5	5	5	5	5	4	4	5	5	4	5	5	2	5	28	48	3	2	5	4	5	2	4	5	3	5	5	5	5	5	3	136	4	5	5	3	5	5	5	4	3	5	4	2	4	5	5	5	5	5	31	32	5	4	5	5	5	5	5	5	5	5	5
08_4466	167	2	2	2	2	2	2	2	2	2	30	2	1	5	5	5	4	4	5	5	5	119	5	5	5	5	5	5	5	5	5	2	5	163	5	5	5	5	5	5	5	5	4	4	5	5	4	5	5	2	5	28	48	3	2	5	4	5	2	4	5	3	5	5	5	5	5	3	136	4	5	5	3	5	5	5	4	3	5	4	2	4	5	5	5	5	5	31	32	5	4	5	5	5	5	5	5	5	5	5
08_4468	167	2	2	2	2	2	2	2	2	2	30	2	1	5	5	5	4	4	5	5	5	119	5	5	5	5	5	5	5	5	5	2	5	163	5	5	5	5	5	5	5	5	4	4	5	5	4	5	5	2	5	28	48	3	2	5	4	5	2	4	5	3	5	5	5	5	5	3	136	4	5	5	3	5	5	5	4	3	5	4	2	4	5	5	5	5	5	31	32	5	4	5	5	5	5	5	5	5	5	5
08_4472	167	2	2	2	2	2	2	2	2	2	30	2	1	5	5	5	4	4	5	5	5	119	5	5	5	5	5	5	5	5	5	2	5	163	5	5	5	5	5	5	5	5	4	4	5	5	4	5	5	2	5	28	48	3	2	5	4	5	2	4	5	3	5	5	5	5	5	3	136	4	5	5	3	5	5	5	4	3	5	4	2	4	5	5	5	5	5	31	32	5	4	5	5	5	5	5	5	5	5	5
08_4474	167	2	2	2	2	2	2	2	2	2	30	2	1	5	5	5	4	4	5	5	5	119	5	5	5	5	5	5	5	5	5	2	5	163	5	5	5	5	5	5	5	5	4	4	5	5	4	5	5	2	5	28	48	3	2	5	4	5	2	4	5	3	5	5	5	5	5	3	136	4	5	5	3	5	5	5	4	3	5	4	2	4	5	5	5	5	5	31	32	5	4	5	5	5	5	5	5	5	5	5
08_4603	167	2	2	2	2	2	2	2	2	2	30	2	1	5	5	5	4	4	5	5	5	119	5	5	5	5	5	5	5	5	5	2	5	163	5	5	5	5	5	5	5	5	4	4	5	5	4	5	5	2	5	28	48	3	2	5	4	5	2	4	5	3	5	5	5	5	5	3	136	4	5	5	3	5	5	5	4	3	5	4	2	4	5	5	5	5	5	31	32	5	4	5	5	5	5	5	5	5	5	5
08_4696	167	2	2	2	2	2	2	2	2	2	30	2	1	5	5	5	4	4	5	5	5	119	5	5	5	5	5	5	5	5	5	2	5	163	5	5	5	5	5	5	5	5	4	4	5	5	4	5	5	2	5	28	48	3	2	5	4	5	2	4	5	3	5	5	5	5	5	3	136	4	5	5	3	5	5	5	4	3	5	4	2	4	5	5	5	5	5	31	32	5	4	5	5	5	5	5	5	5	5	5
08_4697	167	2	2	2	2	2	2	2	2	2	30	2	1	5	5	5	4	4	5	5	5	119	5	5	5	5	5	5	5	5	5	2	5	163	5	5	5	5	5	5	5	5	4	4	5	5	4	5	5	2	5	28	48	3	2	5	4	5	2	4	5	3	5	5	5	5	5	3	136	4	5	5	3	5	5	5	4	3	5	4	2	4	5	5	5	5	5	31	32	5	4	5	5	5	5	5	125	5	5	5
08_4913	24	25	15	28	2	118	23	2	2	2	30	2	77	5	5	5	75	20	72	5	5	66	31	29	33	63	75	23	118	5	59	22	20	51	45	89	59	19	29	5	5	25	19	4	24	59	4	5	26	30	5	77	25	21	2	76	4	5	2	1	68	3	5	5	25	5	5	3	5	4	77	69	3	75	68	5	22	17	26	46	42	4	5	5	5	5	20	22	22	5	4	5	5	5	5	5	5	5	5	5
08_5176	167	2	2	2	2	2	2	2	2	2	30	2	1	5	5	5	4	4	5	5	5	119	5	5	5	5	5	5	5	5	5	2	5	163	5	5	5	5	5	5	5	5	4	4	5	5	4	5	5	2	5	28	48	3	2	5	4	5	2	4	5	3	5	5	5	5	5	3	136	4	5	5	3	5	5	5	4	3	5	4	2	4	5	5	5	5	5	31	32	5	4	5	5	5	5	5	5	5	5	5
08_5490	24	25	15	28	2	118	23	2	2	2	30	2	77	5	5	5	75	20	72	5	5	66	31	29	33	63	75	23	5	5	59	22	20	51	45	89	59	19	29	5	5	25	19	4	24	59	4	5	26	30	5	77	25	21	2	76	4	5	2	1	68	3	5	5	25	5	5	3	5	4	77	69	3	75	68	5	22	17	26	46	42	4	5	5	5	5	20	22	22	5	4	5	5	5	5	5	5	5	5	5
08_5603	35	14	10	1	13	1	1	37	35	1	1	2	37	21	1	1	1	1	1	1	1	37	27	41	32	135	36	1	24	25	1	1	41	42	1	40	36	1	35	1	24	38	40	1	27	1	1	1	1	19	1	1	13	1	11	1	1	1	22	25	39	27	1	36	1	1	1	25	36	1	45	36	39	1	1	1	1	7	14	28	1	1	1	1	1	1	1	1	1	24	1	37	24	1	1	1	1	1	1	1
08_5925	35	14	10	1	13	1	1	37	35	1	1	2	37	21	1	1	1	1	1	1	1	37	27	41	32	1	36	1	24	25	1	1	41	42	1	268	36	1	35	1	24	38	40	1	27	1	1	1	1	19	1	1	13	1	11	1	1	1	22	25	39	27	1	36	1	1	1	25	36	1	45	36	39	1	1	1	1	7	14	28	1	1	1	1	1	1	1	1	1	24	1	37	24	1	1	1	1	1	1	1
08_6160	2	2	2	2	2	2	2	2	2	2	30	2	1	5	5	5	4	4	5	5	5	119	5	5	5	5	5	5	5	5	5	2	5	5	5	5	5	5	5	5	5	5	4	4	5	5	4	5	5	2	5	5	4	3	2	5	4	5	2	4	5	3	5	149	5	5	5	3	5	4	5	5	3	5	5	5	4	3	5	4	2	4	5	5	5	5	5	5	4	5	4	5	5	5	5	5	5	5	5	5
08_6208	35	14	10	1	13	1	1	37	35	1	1	2	37	21	1	1	1	1	1	1	1	37	27	41	32	1	36	1	24	25	1	1	41	42	1	40	36	1	35	1	24	38	40	1	27	1	1	1	1	19	1	1	13	1	11	1	1	1	22	25	39	27	1	36	1	1	1	25	36	1	45	36	39	1	1	1	1	7	14	28	1	1	1	1	1	1	1	1	1	24	1	37	24	1	1	1	1	1	1	1
08_6877	2	2	2	2	2	2	2	2	2	2	30	2	1	5	5	5	4	4	5	5	5	119	5	140	5	5	5	5	5	5	5	2	5	5	5	5	5	5	5	5	5	5	4	4	5	5	4	5	5	2	5	5	4	3	48	5	4	5	2	4	5	3	5	5	5	5	5	3	5	4	5	5	3	5	5	5	4	3	5	4	2	4	5	5	5	5	5	5	4	5	4	5	5	5	5	5	5	5	5	5
08_7016	2	2	2	2	2	2	2	2	2	2	30	2	1	5	5	5	4	4	5	5	5	119	5	140	5	5	5	5	5	5	5	2	5	5	5	5	5	5	5	5	5	5	4	4	5	5	4	5	5	2	5	5	4	3	48	5	4	5	2	4	5	3	5	5	5	5	5	3	5	4	5	5	3	5	5	5	4	3	5	4	2	4	5	5	5	5	5	5	4	5	4	5	5	5	5	5	5	5	5	5
08_7017	2	2	2	2	2	2	2	2	2	2	30	2	1	5	5	5	4	4	5	5	5	119	5	140	5	5	5	5	5	5	5	2	5	5	5	5	5	5	5	5	5	5	4	4	5	5	4	5	5	2	5	5	4	3	48	5	4	5	2	4	5	3	5	5	5	5	5	3	5	4	5	5	3	5	5	5	4	3	5	4	2	4	5	5	5	5	5	5	4	5	4	5	5	5	5	5	5	5	5	5
08_7039	1	1	2	1	13	1	133	1	1	1	1	27	1	21	1	1	1	1	1	1	1	37	27	41	190	1	36	1	24	25	74	231	30	42	137	40	28	1	206	1	24	13	23	1	27	1	1	1	1	19	1	1	128	1	11	1	1	1	172	1	42	5	1	1	1	1	1	25	36	1	1	36	39	1	1	1	1	7	1	1	1	1	1	1	1	1	1	1	1	24	1	37	24	1	1	1	1	1	1	1
CA99CN070038	21	21	18	67	20	22	22	22	20	22	22	23	22	18	21	23	18	23	20	22	171	21	21	23	35	22	23	28	20	22	20	20	19	14	21	248	40	1	24	70	21	20	20	20	22	18	1	20	23	81	14	25	26	22	6	21	1	20	6	20	22	68	21	22	139	23	21	11	94	23	22	166	222	36	1	1	21	16	22	20	92	22	20	22	122	20	21	23	115	19	13	19	13	23	21	21	21	23	19	21
CE_M_09_1073	63	71	38	37	52	60	55	78	40	62	63	6	69	3	27	57	11	54	47	56	66	58	19	66	68	59	51	6	48	53	3	84	142	17	6	240	6	16	65	3	3	3	74	15	55	45	15	51	6	58	164	149	119	20	17	29	54	45	150	54	19	44	48	143	16	70	18	44	65	56	158	68	216	6	18	62	65	24	19	185	223	60	96	74	182	15	43	111	112	3	17	3	3	44	69	60	52	3	42	3
CE_M_09_2085	168	260	19	115	1	1	121	1	117	25	41	140	1	21	1	1	180	1	1	140	163	120	116	41	194	1	36	1	24	142	1	1	41	164	34	42	114	64	1	1	24	13	23	1	134	1	26	38	124	1	23	30	24	1	11	1	1	31	151	1	133	120	147	1	1	238	146	18	26	1	45	5	1	1	1	1	13	7	14	28	35	41	166	26	205	1	1	1	1	24	1	1	24	1	1	1	1	1	110	1
CE_M_09_3054	1	42	24	6	30	39	14	35	1	1	41	41	36	23	1	1	38	36	38	38	41	40	38	45	5	5	179	42	111	42	25	41	1	18	128	47	14	14	45	35	41	37	39	33	40	32	43	36	36	18	42	47	37	39	18	36	1	40	27	32	43	5	34	40	41	42	36	25	1	30	43	5	234	39	33	1	42	34	36	40	33	39	24	39	43	20	20	1	1	30	31	13	35	38	25	1	1	39	33	1
CE_M_09_3081	63	71	38	1	52	60	55	60	40	62	63	64	69	3	3	57	65	54	47	56	66	58	19	66	68	59	51	17	3	26	52	65	69	17	6	19	3	16	72	3	3	3	17	15	55	145	15	51	6	247	66	22	2	20	17	29	54	58	150	54	19	44	48	3	56	78	18	44	65	60	66	3	61	164	18	62	63	52	58	78	220	5	76	60	73	15	43	54	53	3	17	3	62	44	69	60	52	3	42	3
CE_M_09_4099	1	2	2	1	1	1	1	24	23	177	48	27	38	23	1	1	39	1	26	1	26	23	28	78	31	29	43	43	24	25	1	1	14	18	24	1	22	1	1	1	24	13	13	1	27	1	26	23	27	265	23	14	23	41	27	27	21	26	10	18	25	14	1	1	43	29	26	1	1	25	27	1	236	24	1	1	13	7	14	28	35	41	41	27	1	1	1	29	1	24	1	1	24	1	42	37	33	37	1	1
CE_M_10_2090	20	23	15	2	2	2	28	2	2	2	30	2	1	5	116	5	4	4	5	5	5	5	53	25	28	25	21	5	5	5	5	2	5	5	5	5	49	19	32	5	5	25	134	110	138	41	4	5	26	2	5	5	120	3	2	42	48	49	45	25	54	3	5	144	25	5	5	3	5	4	5	27	3	1	138	5	26	22	27	47	56	57	52	5	5	129	20	5	4	5	4	5	5	5	5	5	5	5	5	5
CE_M_10_2096	1	42	24	6	30	39	14	35	1	1	41	41	36	23	1	1	38	36	38	38	41	40	38	45	5	5	179	42	111	42	25	41	1	18	128	47	14	14	45	35	41	37	39	33	40	32	43	36	36	18	42	47	37	39	18	36	1	40	27	32	43	120	34	40	41	42	36	25	1	30	43	41	37	39	33	1	42	34	36	40	33	39	24	39	43	20	20	1	1	30	31	13	35	38	25	1	1	39	33	1
CE_M_10_2108	1	42	24	6	30	39	14	35	1	1	41	41	36	23	1	1	38	36	38	38	41	40	38	45	5	5	179	42	111	42	1	41	1	18	128	47	14	14	45	35	41	37	39	33	40	32	43	36	36	18	42	47	37	39	18	36	1	40	27	32	43	5	1	20	41	42	36	25	1	30	43	36	37	39	33	1	42	34	36	40	33	39	24	39	43	20	20	1	1	30	31	13	35	38	25	1	1	39	33	1
CE_M_10_2113	1	42	24	6	30	39	14	35	1	1	41	41	36	23	127	1	38	36	38	38	41	40	38	45	5	5	179	42	111	42	25	41	1	18	128	47	14	14	45	35	41	37	39	33	40	32	43	36	36	18	42	47	37	39	18	36	1	40	27	32	43	5	34	40	41	42	36	25	1	30	43	41	37	39	33	1	42	34	36	40	33	39	24	39	43	20	20	1	1	30	31	13	35	38	25	1	1	39	33	1
CE_M_10_3062	24	270	15	23	22	25	23	2	24	2	24	26	24	5	5	5	4	20	25	5	5	5	23	25	204	25	21	23	5	21	5	24	55	23	5	5	5	19	29	5	5	25	19	4	153	5	4	22	43	2	5	28	48	21	2	5	4	5	34	36	5	3	5	5	25	27	5	3	5	4	5	26	246	5	5	5	26	124	40	26	43	46	47	5	5	5	20	40	41	5	4	5	41	5	5	24	5	5	5	5
CE_M_10_3107	28	268	60	14	13	43	61	33	36	195	72	72	135	59	33	64	73	33	71	66	79	64	6	28	203	29	43	101	40	85	23	114	5	29	30	272	20	49	80	51	38	58	66	17	67	35	152	55	1	62	80	26	62	24	56	59	34	91	184	97	46	9	32	45	47	148	66	58	74	158	76	31	244	133	99	73	48	63	20	1	70	24	45	67	84	63	13	36	36	55	49	39	72	64	54	91	23	103	14	115
CE_M_10_4053	35	245	10	5	13	1	1	37	35	1	1	2	37	21	1	1	1	1	1	1	1	37	27	41	32	133	36	1	24	25	1	1	41	42	1	40	36	1	35	1	24	38	40	1	27	1	1	1	1	19	1	1	13	1	11	1	1	1	22	25	39	27	1	36	1	1	1	25	36	1	45	36	39	1	1	1	1	7	14	28	1	1	1	1	1	1	1	1	1	24	1	37	24	1	1	1	1	1	1	1
CE_M_10_4054	35	245	10	5	13	1	1	37	35	1	1	2	37	21	1	1	1	1	1	1	1	37	27	41	32	133	36	1	24	25	1	1	41	42	1	40	36	1	35	1	24	38	40	1	27	1	1	1	1	19	1	1	13	1	11	1	1	1	22	25	39	27	1	36	1	1	1	25	36	1	45	36	39	1	1	1	1	7	14	28	1	1	1	1	1	1	1	1	1	24	1	37	24	1	1	1	1	1	1	1
CE_M_10_4091	1	2	2	1	1	1	1	24	23	177	48	27	38	23	1	1	39	1	26	1	26	23	28	78	31	29	43	43	24	25	1	1	14	18	24	1	22	1	1	1	24	13	13	1	27	1	26	23	27	265	23	14	23	41	27	27	21	26	10	18	25	14	1	1	43	29	26	1	1	25	27	1	236	24	1	1	13	7	14	28	35	41	41	27	1	1	1	29	1	24	1	1	24	1	42	37	33	37	1	1
CE_R_10_0273	168	232	19	115	1	1	121	1	117	25	41	2	1	21	1	1	162	1	1	140	163	120	36	38	124	62	24	1	24	14	1	1	41	164	34	42	114	64	1	1	24	13	23	1	134	1	26	38	124	1	160	30	24	1	11	1	1	31	151	1	133	120	1	1	1	1	1	25	36	1	45	159	12	157	1	1	13	7	14	28	112	120	166	26	1	1	1	1	1	24	1	1	24	1	1	1	1	1	110	1
CE_R_10_0305	20	23	15	120	107	129	28	2	2	2	30	2	1	5	5	5	4	4	167	5	5	5	23	25	28	129	21	5	5	5	5	2	5	5	5	5	5	19	195	104	5	25	19	4	24	5	4	5	126	2	5	5	121	3	2	5	4	5	2	22	5	3	5	5	25	5	5	3	140	4	5	27	3	1	127	5	26	22	27	47	224	165	170	5	5	5	20	5	4	5	116	5	5	5	5	5	5	123	5	5
CE_R_10_0306	20	23	15	120	107	129	28	2	2	2	30	2	1	5	5	5	4	4	167	5	5	5	23	25	28	129	21	5	5	5	5	2	5	5	5	5	5	19	195	104	5	25	19	4	24	5	4	5	126	2	5	5	121	3	2	5	4	5	2	22	5	3	5	5	25	5	5	3	140	4	5	27	3	1	127	5	26	22	27	47	224	165	170	5	5	5	20	5	4	5	116	5	5	5	5	5	5	123	5	5
CE_R_11_0077	20	23	15	2	2	2	28	2	2	2	30	2	1	5	116	5	4	4	5	5	5	5	53	25	28	25	21	5	5	5	5	2	5	5	5	5	49	19	32	5	5	25	134	110	138	41	4	5	26	2	5	5	120	3	2	42	48	49	45	25	54	3	5	144	25	5	5	3	5	4	5	27	3	1	1	5	26	22	27	47	56	57	52	5	5	129	20	5	4	5	4	5	5	5	5	5	5	5	5	5
CE_R_11_0100	2	2	2	2	2	2	2	2	2	2	30	2	1	5	5	5	4	4	5	5	5	119	5	5	5	5	5	5	5	5	5	2	5	5	5	5	5	5	5	5	5	5	4	4	5	5	4	5	5	2	5	5	4	3	2	5	4	5	2	4	5	3	5	5	5	5	5	3	88	4	5	5	3	5	5	5	4	3	5	4	2	4	5	5	5	5	5	5	4	5	4	5	5	5	5	5	5	5	5	5
CE_R_11_0114	170	23	15	2	2	43	43	42	2	44	155	2	45	5	5	5	75	20	72	5	5	5	45	25	28	25	21	23	5	49	5	221	20	5	5	5	5	19	29	5	5	25	19	4	24	5	4	5	26	2	5	54	41	44	2	120	129	122	33	108	5	3	5	48	25	229	41	3	158	4	5	27	3	5	5	5	26	22	27	47	41	45	169	5	5	5	33	40	40	33	4	5	23	5	5	5	5	5	5	5
CE_R_11_0170	39	82	24	2	1	1	62	1	1	1	1	34	79	18	33	66	1	22	74	28	32	30	27	36	32	1	31	32	30	34	1	27	25	1	31	35	28	28	34	14	32	13	68	24	32	1	32	26	27	52	33	38	25	31	23	1	25	70	18	25	45	28	54	30	34	35	29	1	75	25	34	30	26	31	24	30	17	16	5	41	24	30	32	32	31	1	13	28	27	25	1	1	24	31	30	69	1	1	27	1
CE_R_11_0178	24	25	15	28	2	118	23	2	2	2	30	2	77	5	5	5	75	20	72	5	5	66	31	29	33	63	75	23	5	5	59	22	20	51	45	89	59	19	29	112	5	25	19	4	24	59	4	5	26	30	5	77	25	21	2	76	4	5	2	1	68	3	5	5	25	5	5	3	5	4	77	69	3	75	68	5	22	17	26	46	42	4	5	5	5	5	20	22	22	5	4	5	5	5	5	5	5	5	5	5
CE_R_11_0192	24	25	15	28	2	118	23	2	2	2	30	2	77	5	5	5	75	20	72	5	5	66	31	29	33	63	183	23	5	5	59	22	20	51	45	89	59	19	29	5	5	25	19	4	24	59	4	5	26	30	5	77	25	21	2	76	4	5	2	1	68	3	5	5	25	5	5	3	5	4	77	69	3	75	68	5	22	17	26	46	42	4	5	5	5	5	20	22	22	5	4	5	5	5	5	5	5	5	5	5
CE_R_11_0238	1	2	2	1	1	1	1	24	23	177	48	27	38	23	123	1	39	1	26	1	26	23	28	78	31	29	43	43	24	25	1	1	14	18	24	1	22	1	1	1	24	13	13	1	27	1	26	23	27	4	23	14	23	41	27	27	21	26	10	18	25	14	1	1	43	29	26	1	1	25	27	1	1	24	1	1	13	7	14	28	35	41	41	27	1	1	1	29	1	24	1	1	24	1	42	37	33	37	1	1
CE_R_11_0240	31	115	79	2	2	2	23	45	22	49	24	2	200	5	118	5	4	20	5	5	167	5	23	25	28	25	21	23	5	21	5	22	20	5	5	57	5	19	29	5	123	25	135	4	24	133	4	5	26	6	5	28	4	21	2	5	4	123	2	22	136	3	132	24	128	5	5	3	5	23	24	23	3	5	5	5	26	22	27	26	43	46	26	5	5	5	20	22	22	5	4	5	23	5	5	5	5	5	5	5
CE_R_11_0251	170	23	15	2	2	43	43	142	2	44	155	2	45	5	5	5	75	20	72	5	5	5	45	25	28	25	21	23	5	49	5	221	20	5	5	5	5	19	29	5	5	25	19	4	24	5	4	5	26	2	5	54	41	44	44	120	129	122	33	108	5	3	5	157	25	229	41	3	5	4	5	27	3	5	5	5	26	22	27	47	41	45	169	5	5	5	33	40	40	33	4	5	23	5	5	5	5	5	5	5
CE_R_11_0270	25	254	19	6	1	1	1	1	133	189	162	27	1	21	1	136	1	1	1	1	1	120	36	38	124	62	24	1	24	14	1	11	156	164	24	267	20	1	1	1	24	118	149	1	134	1	26	1	124	1	23	30	24	1	11	1	1	31	172	1	42	5	1	1	1	28	62	18	26	25	34	159	1	1	1	1	13	7	14	4	1	1	56	38	1	1	13	1	1	24	1	1	24	1	1	1	139	134	110	1
CE_R2_11_0134	20	263	24	1	2	2	23	2	2	2	30	2	211	5	5	5	4	20	5	158	5	5	23	25	28	25	21	5	5	5	5	2	5	5	5	5	5	19	29	5	5	25	19	4	24	5	4	120	26	2	5	164	41	3	2	5	4	5	2	22	5	3	5	160	25	5	5	3	5	4	5	5	3	5	5	5	26	22	42	51	47	51	52	150	5	5	109	40	41	5	4	47	5	5	5	127	5	5	5	5
CE_R2_11_0350	20	23	15	2	20	2	23	21	22	24	24	2	1	5	23	5	4	20	29	5	5	20	23	25	25	23	21	23	5	21	5	22	20	5	5	24	5	19	23	5	5	109	19	4	24	5	4	5	22	6	5	24	4	21	2	5	4	5	2	22	5	3	5	24	29	5	23	3	5	23	24	23	3	5	5	22	23	18	24	22	10	1	22	5	5	5	20	22	22	5	4	5	23	5	127	5	5	5	5	5
CE_R2_11_0374	31	115	79	2	2	2	23	45	22	49	24	2	200	5	118	5	4	20	5	5	167	5	23	25	192	25	21	23	5	21	5	22	20	5	5	57	5	19	29	5	123	25	135	4	24	133	4	5	26	6	5	28	4	21	2	5	4	123	2	22	136	3	132	24	128	5	5	3	5	23	24	23	3	5	5	5	26	22	27	26	43	46	26	5	5	5	20	22	22	5	4	5	23	5	5	5	140	5	5	5
CE2_R_11_1063	20	23	15	2	20	2	23	131	22	24	24	2	1	5	23	5	4	20	29	5	5	20	23	25	25	23	21	23	5	21	5	22	20	5	5	24	5	19	23	5	5	109	19	4	24	5	4	5	22	6	5	24	4	21	2	103	4	5	2	22	5	3	5	24	29	5	23	3	5	23	24	23	3	5	5	22	23	18	24	22	10	1	22	137	5	5	20	22	22	5	4	5	23	5	127	5	5	5	5	5
CE2_R_11_3009	1	82	24	2	1	1	62	1	1	1	1	34	79	18	33	66	1	22	74	28	32	30	27	36	32	1	31	32	30	34	126	27	25	1	31	35	28	28	34	14	32	13	68	24	32	1	32	26	27	52	33	38	25	31	23	1	25	32	18	25	45	28	54	30	34	35	29	1	147	25	34	30	26	31	24	30	17	16	5	41	24	30	32	32	31	1	13	28	27	25	1	1	24	31	30	69	1	1	27	1
CE2_R_11_3021	168	269	19	6	1	1	121	1	29	25	41	27	213	21	1	1	180	1	1	140	1	120	36	38	124	62	24	1	24	14	1	11	1	164	24	42	114	64	1	1	24	13	23	1	134	152	206	121	124	1	23	30	24	1	11	1	1	31	185	35	133	133	1	1	1	28	148	18	26	25	181	1	245	1	1	1	13	7	14	202	1	1	82	26	1	1	1	1	1	24	1	1	24	1	1	1	1	1	110	1
CE2_R_11_3035	20	23	15	2	2	2	23	2	2	44	30	2	49	5	5	5	49	20	48	5	5	5	23	25	28	25	21	167	5	21	41	22	20	5	5	5	5	19	29	110	5	45	19	4	24	5	4	5	26	2	5	28	4	21	2	5	4	5	2	22	5	3	5	5	25	56	5	3	51	4	5	27	3	5	5	97	4	3	47	124	88	117	112	5	199	5	20	22	22	5	4	5	5	5	53	5	5	5	5	5
CE2_R_11_3039	20	23	15	2	2	2	28	2	2	2	30	2	1	5	116	5	4	4	5	5	5	5	53	25	28	25	21	5	5	5	5	2	5	5	5	5	49	19	32	5	5	25	134	110	138	41	4	5	26	2	5	5	120	3	2	42	48	49	45	25	54	3	5	144	25	5	5	3	5	4	5	27	3	1	1	5	26	22	27	47	56	57	52	5	5	129	20	5	4	5	4	5	5	5	5	5	5	5	5	5
CE2_R_11_3113	20	23	15	2	2	2	23	2	2	44	30	2	49	5	5	5	49	20	48	5	5	5	23	25	28	25	21	167	5	21	41	22	20	5	5	5	5	19	29	5	5	45	19	4	24	5	4	5	26	2	5	28	4	21	2	5	4	5	2	22	5	3	5	5	25	56	5	3	51	4	5	27	3	5	5	97	4	3	47	124	88	117	112	5	199	5	20	22	22	5	4	5	5	5	53	5	5	5	5	5
CE2_R_11_3131	170	23	15	2	2	43	43	42	2	44	30	2	45	5	5	5	4	20	5	5	5	5	45	25	28	25	21	23	5	132	47	221	20	5	5	5	5	19	29	5	5	25	19	4	24	5	4	5	26	2	5	54	41	44	2	5	4	5	33	108	5	3	5	48	25	229	41	3	5	41	1	27	3	5	5	5	26	22	27	47	41	45	169	5	5	5	33	40	40	33	4	5	23	5	5	5	72	1	5	5
CE2_R2_11_1006	2	2	2	2	2	2	123	2	2	2	30	2	1	5	5	5	165	4	5	5	5	119	5	5	5	5	5	5	5	5	5	2	5	5	5	5	5	5	5	5	5	5	4	4	5	5	4	5	5	2	5	5	4	3	2	5	4	5	2	4	5	3	5	5	5	5	5	3	136	4	5	5	3	5	5	5	4	3	5	4	2	4	5	5	5	5	5	31	32	5	4	5	5	5	5	5	5	5	5	5
CE2_R2_11_1009	170	23	15	2	2	127	43	42	2	44	30	2	45	5	5	5	4	20	5	5	5	5	45	25	28	25	21	23	5	132	47	221	20	5	5	5	5	19	29	5	5	25	19	4	24	5	4	5	26	2	5	54	41	44	2	5	4	5	33	108	5	3	5	48	25	229	41	3	5	41	1	27	3	5	5	5	26	22	27	47	41	45	169	5	5	5	33	40	40	33	4	5	23	5	5	5	5	5	5	5
CE2_R2_11_1027	24	25	15	28	2	118	23	2	2	2	30	2	77	5	5	5	75	20	72	5	5	66	31	29	33	63	75	23	5	5	59	22	20	51	45	89	59	19	29	5	5	25	19	4	24	59	4	5	26	30	5	77	25	21	2	76	4	5	2	1	68	3	5	5	25	5	5	3	5	4	77	69	3	75	68	5	22	17	26	46	42	4	5	5	5	5	20	22	22	5	4	5	5	5	5	5	5	5	5	5
CE2_R2_11_1033	24	25	15	28	2	118	23	2	2	2	30	2	77	5	5	5	75	20	72	5	5	66	31	29	33	63	75	23	5	5	59	22	20	51	45	89	59	19	29	5	5	25	19	4	24	59	4	5	26	30	5	77	25	21	2	76	4	5	2	1	68	3	5	5	25	5	5	3	5	4	77	69	3	75	68	5	22	17	26	46	42	4	5	5	5	5	20	22	22	5	4	5	5	5	5	5	5	5	5	5
CE2_R2_11_2018	1	24	24	2	1	1	62	1	1	1	61	34	79	18	33	66	1	22	74	28	32	30	27	36	32	1	31	32	30	34	1	27	25	1	31	35	28	28	34	14	32	13	68	24	32	1	32	26	27	52	33	38	25	31	23	1	25	32	18	25	45	28	54	30	34	35	29	1	75	25	34	30	26	31	24	30	17	16	5	41	24	30	32	32	31	1	13	28	27	17	50	29	24	31	30	69	1	1	27	1
CE2_R2_11_2022	2	61	2	2	2	2	28	2	2	31	32	2	1	5	5	5	4	4	5	5	5	5	29	25	28	25	21	5	5	5	5	2	5	5	5	32	21	19	32	5	29	25	19	4	24	5	4	17	26	2	5	5	4	29	14	5	4	124	2	22	5	3	5	5	32	5	5	3	5	4	5	27	3	5	5	5	26	16	5	41	24	30	26	5	183	5	20	5	4	5	4	5	5	131	5	5	5	5	5	5
CE2_R2_11_3019	20	23	15	2	2	2	23	2	2	44	30	2	49	5	5	5	49	20	48	5	5	5	23	25	28	25	21	167	5	21	41	22	20	5	5	5	5	19	29	5	5	45	19	4	24	5	4	5	26	2	5	28	4	21	2	5	4	5	2	22	5	3	5	5	25	56	5	3	51	4	5	27	3	5	5	97	4	3	47	124	88	117	112	5	199	5	20	22	22	5	4	5	5	5	53	5	5	5	5	5
CE2_R2_11_3023	20	265	2	2	2	2	28	2	2	2	30	2	1	5	48	53	186	4	5	5	5	5	53	25	28	25	21	5	5	5	136	2	5	5	5	5	49	19	208	5	5	25	134	4	138	150	203	5	26	2	5	5	48	3	2	42	48	49	45	35	54	3	5	5	25	5	5	3	5	4	178	27	3	1	1	5	26	22	27	47	56	57	52	5	5	129	20	5	4	5	4	5	5	5	5	5	5	5	5	5
CE2_R2_11_3081	1	82	24	2	1	1	62	1	1	1	1	34	79	18	33	66	1	22	74	28	32	30	27	36	32	1	31	32	30	34	1	27	25	182	31	35	28	28	34	14	32	13	68	24	32	1	32	26	27	52	33	38	25	31	23	1	25	32	18	25	45	28	54	30	35	28	29	1	75	25	34	30	26	31	24	30	17	16	5	41	236	170	32	32	31	1	13	28	27	25	1	1	24	31	30	69	1	1	27	1
CE2_R2_11_3085	1	82	24	2	1	1	62	1	1	1	1	34	79	18	33	66	1	22	74	28	32	30	27	36	32	1	31	32	30	34	1	27	25	1	31	35	28	28	34	14	32	13	68	24	32	1	32	26	27	52	33	38	25	31	23	1	25	32	18	25	45	28	54	30	34	35	29	1	75	25	34	30	26	31	24	30	17	16	5	41	24	30	32	32	31	1	13	28	27	25	1	1	24	31	30	69	1	1	27	1
CGY_HR_009	39	14	10	3	13	1	14	14	13	37	45	14	13	5	1	14	8	13	14	14	14	13	14	14	14	14	14	37	14	14	13	11	37	14	34	43	14	14	14	14	13	13	13	109	14	13	13	14	14	17	14	14	13	12	3	1	1	14	3	66	39	27	1	14	14	1	1	11	14	1	14	36	12	14	14	35	13	7	14	36	3	13	14	14	14	33	13	14	13	13	13	13	13	13	14	14	14	122	14	14
CGY_HR_013	1	2	2	1	1	1	1	24	23	174	48	27	38	119	1	1	39	1	26	1	26	23	28	78	31	29	43	43	24	25	1	1	14	18	24	1	22	1	1	1	24	13	13	112	27	135	26	23	27	4	23	14	23	41	27	27	21	26	10	25	25	14	1	1	43	1	26	1	143	25	27	1	1	24	1	1	13	7	14	28	35	41	41	27	1	1	1	29	1	24	1	1	24	1	42	151	33	37	1	1
CGY_HR_020	39	14	10	3	13	1	14	14	13	37	45	14	13	5	1	14	8	13	14	14	14	13	14	14	14	14	14	37	14	14	13	11	37	14	34	43	14	14	14	14	13	13	13	109	14	13	13	14	14	17	14	14	13	12	3	1	1	14	3	66	39	27	1	14	14	1	1	11	14	1	14	36	12	14	14	35	13	7	14	36	3	13	14	14	14	33	13	14	13	13	13	13	13	13	14	14	14	122	14	14
CGY_HR_022	63	71	38	1	52	60	55	60	40	62	63	64	69	3	3	57	11	54	47	56	66	58	19	66	68	59	51	17	3	26	52	65	69	17	6	19	3	16	72	3	3	3	17	15	55	45	15	51	6	247	66	22	2	20	17	29	54	58	150	54	19	44	48	3	56	78	18	44	65	60	66	3	61	62	18	62	63	52	58	78	220	5	76	60	73	15	43	54	53	3	17	3	62	44	69	60	52	3	42	3
CGY_HR_026	2	61	152	2	2	2	28	2	2	31	32	2	1	5	5	5	4	4	5	5	5	5	29	25	28	25	21	5	5	5	5	2	5	5	5	32	21	19	32	5	29	25	19	4	24	5	4	17	26	2	5	5	4	29	14	5	4	124	2	22	5	3	5	5	32	5	5	3	5	4	5	27	3	5	5	5	26	16	5	41	24	30	26	5	183	5	20	5	4	5	4	5	5	131	5	5	5	5	5	5
CGY_HR_027	174	53	18	1	1	1	1	24	23	26	25	28	1	23	1	1	21	24	26	1	26	23	28	28	31	29	43	43	24	25	1	1	14	25	30	34	43	1	1	1	24	13	23	1	27	22	26	23	27	248	23	14	23	25	1	27	21	26	10	25	25	14	1	1	26	29	26	1	1	25	27	30	1	24	1	25	27	7	14	28	46	24	41	27	1	1	13	25	23	24	1	1	25	43	42	1	1	1	1	1
CGY_HR_058	39	14	10	3	13	1	14	14	13	37	45	14	13	5	1	14	8	13	14	148	14	13	14	14	14	14	14	1	14	14	13	11	37	14	34	43	14	14	14	14	126	113	13	12	14	13	13	14	14	17	14	14	13	12	3	1	1	14	3	13	42	5	138	22	14	14	14	11	14	1	14	13	12	14	14	35	13	7	14	13	3	13	14	14	14	13	13	34	13	13	13	13	13	13	14	14	14	14	14	14
CGY_HR_061	22	41	24	117	1	1	29	1	1	32	1	34	1	23	31	1	39	1	26	28	31	30	27	72	180	5	30	30	24	31	26	30	5	1	30	34	27	1	34	14	1	111	139	1	30	1	32	26	27	52	23	36	25	24	32	1	25	31	10	25	30	21	23	28	31	90	45	1	48	25	32	167	26	28	67	28	17	26	28	88	35	13	87	31	190	26	23	28	27	25	25	1	24	1	30	1	1	1	25	1
CGY_HR_073	17	19	136	6	13	20	14	14	13	20	45	23	19	27	19	20	16	17	148	19	166	18	1	38	110	20	19	19	17	128	18	217	5	14	19	20	14	14	192	18	18	78	44	17	20	83	19	80	19	244	20	20	19	18	5	19	131	18	22	18	47	24	1	20	19	21	19	14	20	138	20	20	18	20	39	19	20	14	20	183	8	20	165	19	49	127	13	26	4	17	18	17	19	79	19	1	19	83	17	1
CGY_HR_074	17	19	136	6	13	20	14	14	13	20	45	23	19	27	19	20	16	17	148	19	166	18	1	38	110	20	19	19	17	128	18	217	5	14	19	20	14	14	192	18	18	78	44	17	20	83	19	80	19	244	20	20	19	18	5	19	131	18	22	18	47	24	1	20	19	21	19	14	20	138	20	20	18	20	39	19	20	14	20	183	8	20	165	19	49	127	13	26	4	17	18	17	19	79	19	1	19	83	17	1
CGY_HR_076	22	41	24	117	1	1	29	1	1	32	1	34	1	23	31	1	39	1	26	28	31	30	27	72	180	5	30	30	24	31	26	30	5	1	30	34	27	1	34	14	1	111	139	1	30	1	32	26	27	52	23	36	25	24	32	1	25	31	10	25	30	21	23	28	31	90	45	1	48	25	32	167	26	28	67	28	17	26	28	88	35	13	87	31	190	26	23	28	27	25	25	1	24	1	30	1	1	1	25	1
CGY_HR_080	63	71	38	1	52	60	55	60	40	62	63	64	69	3	113	57	65	54	47	56	66	58	19	66	68	59	51	17	3	26	52	65	69	17	6	19	3	16	72	3	3	3	17	15	55	45	15	51	6	240	66	22	2	20	17	29	54	58	150	54	19	44	48	3	56	78	18	44	65	60	66	3	61	62	18	62	63	52	58	78	220	5	76	60	73	15	43	54	53	3	17	3	62	44	69	60	52	3	42	3
CGY_HR_082	1	82	24	2	1	1	62	1	1	1	1	34	79	18	33	66	1	22	74	28	32	30	27	36	32	1	31	32	30	34	1	27	25	1	31	35	28	28	34	14	32	13	68	24	32	1	32	26	27	52	33	38	25	31	23	1	25	32	18	25	45	123	54	30	34	35	29	1	75	25	34	30	26	31	24	30	17	16	5	41	24	30	32	32	31	1	13	28	27	25	1	1	24	31	30	69	1	1	27	1
CGY_HR_083	1	2	2	118	1	1	1	24	23	26	48	27	1	23	1	131	39	1	26	1	1	65	28	28	31	29	43	43	24	25	1	1	14	18	24	1	29	1	1	1	24	13	13	1	27	1	26	23	27	20	23	14	23	21	2	27	21	26	10	25	25	14	1	153	43	29	26	1	1	25	27	1	227	28	37	153	13	7	14	28	39	24	41	27	1	130	1	29	1	24	1	1	24	1	42	37	33	37	1	1
CGY_HR_090	1	82	24	2	1	1	62	1	1	1	1	34	79	18	33	138	1	22	74	28	32	45	119	145	202	1	31	32	30	34	1	27	155	1	31	35	28	28	34	14	32	25	19	24	32	1	32	26	27	52	33	38	25	129	53	1	25	32	18	25	45	28	54	30	34	35	29	1	1	25	34	30	26	31	24	162	17	16	5	41	24	30	32	32	211	1	13	28	27	120	124	1	23	5	23	1	1	1	27	1
CGY_HR_098	1	82	24	2	1	1	62	1	1	1	1	34	79	18	33	66	1	22	74	28	32	30	27	36	32	1	31	32	30	34	1	27	25	1	31	35	28	28	34	14	32	13	68	24	32	1	32	26	27	52	33	38	25	31	23	1	25	32	18	25	45	28	54	30	34	35	29	1	75	25	34	30	26	31	24	30	17	16	103	41	24	30	32	32	31	1	13	28	27	25	1	1	24	31	30	69	1	1	27	1
CGY_HR_101	20	23	15	1	2	2	28	2	2	2	30	2	1	5	5	5	4	4	5	5	5	5	23	25	28	129	21	5	5	5	5	2	5	5	5	5	5	19	195	5	5	25	19	4	24	5	4	5	126	2	5	5	121	3	2	5	4	5	2	22	5	3	5	5	25	5	5	56	5	154	174	26	3	1	127	5	26	22	27	47	224	165	170	5	5	5	20	5	4	5	116	5	5	5	5	5	5	123	5	5
CGY_HR_103	170	23	15	2	2	43	43	42	2	44	30	2	45	5	5	5	4	20	5	5	5	5	45	25	28	25	21	23	5	49	47	221	20	5	5	5	5	19	29	5	5	25	19	4	24	5	4	5	26	2	5	54	41	44	2	5	4	5	33	108	5	3	5	48	25	229	41	3	5	41	1	27	3	5	5	5	26	22	27	47	41	45	169	5	5	5	33	40	40	33	4	5	23	5	5	5	5	5	5	5
CGY_HR_108	1	42	24	6	30	39	14	35	1	1	41	41	36	23	1	1	38	36	38	38	41	40	38	45	5	5	41	42	38	42	25	41	1	18	128	47	14	14	45	35	41	37	39	33	40	32	43	36	36	18	42	47	37	1	11	1	1	40	27	32	43	5	34	40	41	42	36	25	1	30	43	41	37	39	33	1	42	34	36	40	33	39	24	39	43	20	20	1	1	30	31	13	35	38	25	1	1	39	33	1
CGY_HR_109	35	14	10	3	13	1	1	37	35	1	1	2	37	21	1	1	1	1	1	1	1	37	27	41	32	1	36	1	24	25	1	1	41	42	1	40	36	1	35	1	24	38	40	1	27	1	1	1	1	19	1	1	13	1	11	1	1	1	22	25	39	27	1	36	1	1	1	25	36	1	45	36	39	1	1	1	1	7	14	28	1	1	1	1	1	1	1	1	1	24	1	37	24	1	1	1	1	1	1	1
CGY_HR_118	2	2	2	2	2	2	123	2	2	2	30	2	1	5	5	5	165	4	5	5	5	119	5	5	5	5	5	5	5	5	5	2	5	5	5	5	5	5	5	5	5	5	4	4	5	5	4	5	5	2	5	5	4	3	2	5	4	5	2	4	5	3	5	5	5	5	5	3	136	4	5	5	3	5	5	5	4	3	5	4	2	4	5	5	5	5	5	31	32	5	4	5	5	5	5	5	5	5	5	5
CGY_HR_121	1	2	2	1	108	1	1	24	23	174	48	27	38	119	1	1	39	1	26	1	26	23	28	78	31	29	43	43	24	25	1	1	14	18	24	1	22	1	1	1	24	13	13	1	27	135	26	23	27	4	23	14	23	41	27	27	21	26	10	25	86	5	1	1	43	1	26	1	143	25	27	1	1	24	1	1	13	7	14	28	35	41	41	27	1	1	1	29	1	24	1	1	24	1	42	151	33	37	38	1
CGY_HR_139	35	14	10	1	13	1	1	37	35	1	1	121	37	21	1	1	1	1	1	1	1	37	27	41	32	1	36	1	24	25	1	1	41	42	1	40	36	1	35	1	24	38	40	1	27	1	1	1	1	19	1	1	13	1	11	1	1	1	22	25	39	27	1	36	1	1	1	25	36	1	45	36	39	1	1	1	1	7	14	28	1	1	1	1	1	1	1	1	1	24	1	37	24	1	1	1	1	1	1	1
CGY_HR_140	2	61	2	2	2	2	28	2	2	31	32	2	1	5	5	5	4	4	5	5	5	5	29	25	28	25	21	5	5	5	5	2	5	5	5	32	21	19	32	5	29	25	19	4	24	5	4	17	26	2	5	5	4	29	14	5	4	124	2	22	5	3	5	5	32	5	5	3	5	4	5	27	3	5	5	5	26	16	5	41	24	30	26	5	183	5	20	5	4	5	4	5	5	131	5	5	5	5	5	5
CGY_HR_170	1	82	24	2	1	1	62	1	1	1	1	34	79	18	33	138	1	22	74	28	32	45	119	145	202	1	31	32	30	34	1	27	155	1	31	35	28	28	34	14	32	25	19	24	32	1	32	26	27	52	33	38	25	129	53	1	25	32	18	25	45	28	54	30	34	35	29	1	1	25	34	30	26	31	24	162	17	16	5	41	24	30	32	32	211	1	13	28	27	120	124	1	23	5	23	1	1	1	27	1
CGY_HR_174	35	232	19	1	13	1	1	37	35	1	149	27	37	21	1	1	1	1	1	1	1	37	27	41	32	1	36	1	24	25	1	1	41	42	1	40	36	1	35	1	128	38	40	1	27	1	1	1	1	177	1	1	13	1	11	1	1	1	22	25	39	27	1	36	1	1	1	25	36	1	1	36	39	163	1	1	1	7	1	1	1	1	1	1	1	1	1	1	1	24	1	37	24	1	1	1	138	1	1	1
CHR_022	168	232	19	115	1	1	121	1	117	25	41	2	1	21	1	1	162	1	1	140	163	120	36	38	124	62	24	1	24	14	1	1	41	164	34	42	114	64	1	1	24	13	23	1	134	1	26	38	124	1	160	30	24	1	11	1	1	31	151	1	133	120	1	1	1	1	1	25	36	1	45	159	12	157	1	1	13	7	14	28	112	120	166	26	1	1	1	1	1	24	1	1	24	1	1	1	1	1	110	1
CHR_023	168	232	19	115	1	1	121	1	117	25	41	2	1	21	1	1	162	1	1	140	163	120	36	38	124	62	24	1	24	14	1	1	41	164	34	42	114	64	1	1	24	13	23	1	134	1	26	38	124	1	160	30	24	1	11	1	1	31	151	1	133	120	1	1	1	1	1	25	36	1	45	159	12	157	1	1	13	7	14	28	112	120	166	26	1	134	1	1	1	24	1	1	24	1	1	1	1	1	110	1
CHR_026	1	42	24	6	30	39	14	35	1	1	41	41	36	23	1	1	38	119	152	38	41	40	38	45	5	5	41	42	38	42	25	41	1	18	128	47	14	14	45	35	41	37	39	33	40	32	43	36	36	18	42	47	37	39	18	36	1	70	27	32	43	118	34	40	41	42	36	25	1	30	43	41	37	39	33	1	42	34	36	40	33	39	24	39	43	20	20	1	1	30	31	13	35	38	25	1	1	39	33	1
CHR_028	39	1	2	1	13	1	1	1	1	1	1	27	1	21	1	1	1	1	1	1	1	126	27	41	32	132	36	1	24	25	1	1	1	42	1	40	28	1	14	1	24	13	23	1	27	1	1	1	1	19	165	1	1	1	11	1	1	1	22	25	36	5	140	1	1	1	1	25	36	1	1	36	220	1	1	1	1	7	1	1	1	1	181	1	1	1	1	1	1	24	1	132	24	1	1	1	1	1	1	1
CHR_053	39	21	20	1	13	1	14	14	13	37	45	14	13	5	1	14	8	13	14	14	14	13	14	14	14	14	14	37	34	37	13	11	37	14	34	43	14	14	14	14	13	13	13	109	14	13	13	14	14	17	14	14	13	12	3	1	1	14	3	66	39	121	1	14	14	14	14	11	14	1	14	13	12	14	14	35	13	7	14	36	3	13	14	14	186	33	13	14	13	13	13	133	13	13	14	14	14	122	14	14
CHR_090	63	71	38	1	52	60	55	60	40	62	63	6	69	3	3	57	11	54	47	56	66	58	19	66	68	59	51	17	3	26	52	65	69	17	6	19	3	16	72	3	3	3	17	15	55	45	15	51	6	247	66	22	2	20	17	29	54	58	150	54	19	44	48	3	56	78	18	44	65	60	66	3	61	62	18	62	63	52	57	76	220	5	3	61	73	15	43	54	53	3	17	3	62	44	69	60	52	3	42	3
CHR_119	168	260	19	115	1	1	121	1	117	25	41	140	1	21	1	1	180	1	1	140	163	120	116	41	194	1	36	1	24	25	1	1	41	164	34	42	114	64	1	1	24	13	23	1	134	1	26	38	124	1	23	30	24	1	11	1	1	31	151	1	133	120	147	1	1	238	146	18	26	1	45	5	1	1	1	1	13	7	14	28	35	41	166	26	205	1	1	1	1	24	1	1	24	1	1	1	1	1	110	1
CHR_127	25	26	19	1	1	1	1	1	25	1	28	27	1	21	1	1	1	1	1	1	1	1	27	27	199	27	24	1	22	25	1	1	1	24	24	1	20	1	1	1	24	13	23	1	27	1	26	1	1	1	187	30	24	1	11	1	1	25	9	1	1	1	1	1	1	28	1	18	26	1	1	1	1	1	144	1	13	7	14	27	15	1	27	26	24	23	1	24	1	24	23	22	1	1	1	1	1	1	21	1
CHR_130	1	42	24	1	30	39	14	35	1	1	41	41	36	23	1	1	38	36	38	38	41	40	38	45	5	5	41	42	38	42	25	41	1	18	128	47	14	14	45	35	41	37	39	33	40	32	43	36	36	18	42	47	37	39	18	36	1	40	27	32	43	118	34	40	41	42	36	25	1	30	43	41	37	39	33	1	42	34	36	40	33	39	24	39	43	20	20	1	1	30	31	13	35	38	25	1	1	39	33	1
CHR_151	35	14	10	1	13	1	1	37	35	1	1	2	37	21	1	1	1	1	1	1	1	37	27	41	32	133	36	1	24	25	1	1	41	42	1	40	36	1	35	1	24	38	40	1	27	1	1	1	1	19	1	1	13	1	11	1	1	1	22	25	39	27	1	36	1	1	1	25	36	1	45	36	39	1	1	1	1	7	14	28	1	1	1	1	1	1	1	1	1	24	1	37	24	1	1	1	1	1	1	1
CHR_159	20	23	15	1	2	2	28	2	2	2	30	2	1	5	5	5	4	4	5	5	5	5	23	25	28	129	21	148	5	5	5	2	5	5	5	5	5	19	195	104	5	25	19	4	24	5	4	5	126	2	5	5	121	3	2	5	4	5	2	22	5	3	5	5	25	5	5	3	140	4	5	26	3	1	127	5	26	22	27	47	224	165	170	5	5	5	20	5	4	5	116	5	5	5	5	5	5	123	5	5
CI_0094	115	21	16	5	20	22	22	22	20	22	22	23	22	18	61	1	1	1	20	22	22	21	21	23	23	22	22	28	20	22	20	20	19	20	21	22	40	20	24	20	21	20	20	20	22	18	184	20	23	81	14	25	26	22	11	21	18	20	6	66	39	27	21	22	14	23	69	18	26	23	22	22	1	14	1	1	1	7	22	20	7	22	20	22	22	20	19	64	4	19	13	19	13	23	21	21	21	23	19	21
CI_0136	168	269	19	6	1	1	121	1	29	25	41	27	213	21	1	1	180	1	1	140	1	120	36	38	124	62	24	1	24	14	1	11	1	164	24	42	114	64	1	1	24	13	23	1	134	152	206	121	124	1	23	30	24	1	11	1	1	31	185	35	133	133	1	1	1	28	148	18	26	25	181	1	1	1	1	1	13	7	14	202	246	1	82	26	1	1	1	1	1	24	1	1	24	1	1	1	1	1	110	1
CI_0165	63	71	38	3	52	60	55	60	40	62	63	6	69	3	3	57	11	54	47	56	66	58	19	66	68	59	51	17	3	26	52	65	69	17	6	19	3	16	72	3	3	3	17	15	55	45	15	51	6	247	66	22	2	20	17	29	54	58	150	54	19	44	48	3	56	78	18	44	65	60	165	3	61	62	18	62	63	52	57	76	220	5	3	61	73	15	43	54	53	3	17	3	62	44	69	60	52	3	42	3
CI_0168	40	40	32	18	29	38	38	34	34	38	46	134	34	36	1	37	36	35	37	37	40	39	37	43	44	22	22	41	37	39	33	39	39	40	37	44	34	34	44	34	40	36	38	32	38	31	41	34	35	16	41	46	36	38	38	35	32	38	26	22	40	19	32	37	143	41	35	28	41	35	42	40	36	38	31	37	40	32	34	39	31	38	38	37	41	36	30	14	38	13	13	34	34	37	172	38	34	38	32	30
CI_0182	40	40	32	18	29	38	38	34	34	38	46	134	34	36	1	37	36	35	37	37	40	39	37	43	44	22	22	41	37	39	33	39	39	40	37	44	34	34	44	34	40	36	38	32	38	31	41	34	35	16	41	46	36	38	38	35	32	38	26	22	40	19	32	37	143	41	35	28	41	35	42	40	36	38	31	37	40	32	34	39	31	38	38	37	41	36	30	14	38	13	13	34	34	37	172	38	34	38	32	30
CI_0292	176	14	10	3	13	1	14	14	13	37	14	14	13	5	1	14	8	13	14	14	14	13	14	14	14	14	14	1	14	14	13	11	48	14	34	43	14	14	14	14	124	13	13	12	14	13	13	14	14	249	14	14	13	12	3	1	1	14	3	111	139	122	1	14	14	14	14	11	14	1	14	13	12	14	14	35	13	7	14	13	3	13	14	14	14	13	13	14	13	13	117	13	13	13	14	14	14	14	14	14
CI_0322	170	23	15	2	2	43	43	42	2	44	30	2	45	5	5	5	4	20	5	144	5	5	45	25	28	25	21	23	5	132	47	221	20	5	5	5	5	19	29	5	5	25	19	4	24	5	4	5	26	2	5	54	41	44	2	5	4	5	33	108	5	3	5	48	25	229	41	3	5	41	1	27	3	5	5	5	26	22	27	47	41	45	169	5	5	5	33	40	40	33	4	5	23	5	5	5	5	5	5	5
CI_0325	1	42	24	6	30	39	14	1	1	1	41	41	36	23	1	1	38	36	38	38	41	40	38	45	5	5	179	42	111	42	25	41	1	18	128	47	14	14	45	35	41	37	39	33	40	32	43	36	36	18	42	47	37	39	18	36	1	40	27	32	43	5	34	40	41	1	36	25	1	30	163	41	37	39	33	1	42	34	36	40	33	39	24	39	43	20	20	1	1	30	31	13	35	38	25	1	1	39	33	1
CI_0334	39	235	10	1	13	1	14	14	13	37	45	122	13	5	1	1	8	13	14	14	14	13	14	14	14	14	14	37	24	37	13	11	1	39	34	43	14	14	14	14	13	13	13	109	14	13	13	14	14	17	14	151	13	12	3	1	1	14	3	25	39	27	1	14	14	14	14	11	14	1	14	13	218	14	126	35	13	7	14	36	3	13	14	14	14	33	13	14	13	13	13	13	13	132	14	14	14	122	14	14
CI_0346	1	1	21	1	13	1	1	1	1	1	1	27	1	21	1	1	1	1	14	1	1	37	27	41	170	1	36	37	34	37	13	11	37	14	34	40	28	1	1	1	24	13	23	1	27	1	1	1	1	17	37	1	1	12	3	1	1	14	22	25	36	5	1	1	1	23	129	25	36	1	1	36	12	14	14	35	13	7	14	36	1	30	14	14	14	33	13	14	31	13	13	13	31	13	14	29	1	1	1	1
CI_0392	40	40	32	18	29	38	38	34	34	38	46	134	34	36	1	37	36	35	37	37	40	39	37	43	44	22	22	41	37	39	33	39	39	40	37	44	34	34	44	34	40	36	38	32	38	31	41	34	35	223	41	46	36	38	38	35	32	38	26	22	40	19	32	37	1	41	35	28	41	35	42	40	36	38	31	37	40	32	34	39	31	38	38	37	41	36	30	14	38	13	13	34	34	37	172	38	34	38	32	30
CI_0405	21	21	16	5	20	22	22	22	20	22	22	23	22	18	61	1	1	1	20	45	22	21	21	23	23	22	22	28	20	22	20	20	19	20	21	22	40	20	24	20	21	20	20	20	22	18	30	20	23	81	14	25	26	22	6	108	18	20	6	66	39	27	21	22	14	23	69	18	26	23	22	22	1	14	1	1	1	7	22	20	7	22	20	22	22	20	19	64	4	19	13	19	13	23	21	21	21	23	19	21
CI_0450	180	244	140	119	105	52	130	52	127	180	150	127	199	125	115	127	170	122	151	150	172	131	114	132	173	128	180	158	25	129	34	227	101	168	46	225	116	64	200	107	125	116	140	49	136	138	191	107	53	255	171	155	118	118	39	112	136	129	166	45	135	125	137	150	138	231	57	113	137	144	164	171	228	26	134	150	17	115	104	191	232	168	179	141	62	13	19	112	113	112	119	75	141	134	171	148	134	51	22	43
CI_0453	180	244	140	119	105	52	130	52	127	180	150	127	199	125	115	127	170	122	151	150	172	131	114	132	173	128	180	158	25	129	34	227	101	168	46	225	116	64	200	107	125	116	140	49	136	138	191	107	53	255	171	155	118	118	39	112	136	129	166	45	135	125	137	150	138	231	57	113	137	144	164	171	228	26	134	150	17	115	104	191	232	168	179	141	62	13	19	112	113	112	119	75	141	134	171	148	134	51	22	43
CI_0458	180	244	140	119	105	52	130	52	127	180	150	127	199	125	115	127	170	122	151	150	172	131	114	132	173	128	180	158	25	129	34	227	101	168	46	225	116	64	200	107	125	116	140	49	136	138	191	107	53	255	171	155	118	118	39	112	136	129	166	45	135	125	137	150	138	231	57	113	137	144	164	171	228	26	134	150	17	115	104	191	232	168	179	141	62	13	19	112	113	112	119	75	141	134	171	148	134	51	22	43
CI_0532	169	243	135	29	48	120	128	52	126	178	148	132	205	122	115	129	168	38	158	149	174	129	75	133	182	138	187	156	25	130	125	226	101	169	131	249	116	64	202	103	127	114	141	49	143	131	189	107	125	254	169	154	126	123	36	114	133	133	164	107	140	63	47	142	137	88	138	117	146	139	162	92	225	26	133	150	135	111	50	188	229	62	176	53	188	13	99	110	76	106	114	131	139	79	170	154	81	129	22	43
CI_0609	31	115	79	2	2	2	23	134	22	49	24	2	200	5	117	5	4	20	5	5	167	123	23	25	28	25	181	23	5	21	5	22	20	5	5	57	5	19	29	5	122	25	135	4	139	132	4	5	26	6	5	28	4	21	2	5	4	123	2	22	5	3	5	24	128	5	5	3	5	23	24	23	3	5	5	5	26	22	27	26	43	46	26	5	5	5	20	22	22	5	4	5	23	5	5	5	5	5	5	5
CI_0637	2	61	2	2	2	2	28	2	2	31	32	2	1	5	5	5	4	4	5	5	5	5	29	25	28	25	21	5	5	5	5	2	5	5	5	32	21	19	32	5	29	25	19	4	24	5	4	17	26	2	5	5	4	29	14	5	4	124	2	22	5	3	5	5	32	5	5	3	5	4	5	27	3	5	5	5	26	16	5	41	24	30	26	5	183	5	20	5	4	5	4	5	5	131	5	5	5	5	5	5
CI_0662	181	244	140	119	48	52	130	52	128	180	151	135	199	123	115	127	170	122	160	147	172	82	114	130	173	128	188	158	25	129	34	227	101	168	46	225	116	64	200	107	125	116	140	49	136	134	191	107	53	255	172	153	118	118	39	112	136	129	167	45	135	125	137	150	138	231	57	113	137	144	164	28	228	26	134	154	17	115	32	192	232	168	179	141	62	131	19	112	113	113	119	75	141	134	174	148	134	51	22	43
CI_0677	1	82	24	2	1	1	62	1	1	1	1	34	79	18	33	66	1	22	74	28	32	30	27	36	32	1	31	32	30	34	1	27	25	1	31	35	28	28	34	14	32	13	68	24	32	1	32	26	27	52	33	38	25	31	23	1	25	32	18	25	45	28	54	30	34	35	29	1	75	25	34	30	26	31	24	30	17	16	103	41	24	30	32	32	31	1	13	28	27	25	1	1	24	31	30	69	1	1	27	1
CI_0685	1	82	24	2	1	1	62	1	1	1	1	34	79	18	33	66	1	22	74	28	32	30	27	36	32	1	31	32	30	34	1	27	25	1	31	35	28	28	34	14	32	13	68	24	32	1	32	26	27	52	33	38	25	31	23	1	25	32	18	25	45	28	54	30	34	35	29	1	75	25	34	30	26	31	24	30	17	16	103	41	24	30	32	32	31	1	13	28	27	25	1	1	24	31	30	69	1	1	27	1
CI_0697	187	234	135	27	48	134	132	144	135	190	144	120	199	123	130	126	160	116	166	155	180	138	75	132	173	128	196	154	25	129	129	220	141	181	138	244	116	64	205	102	120	114	146	49	135	131	198	115	53	267	174	147	118	119	47	105	135	120	174	107	141	128	144	158	145	88	143	113	137	150	171	59	237	166	142	158	17	111	106	197	240	174	187	53	201	131	19	49	76	19	115	135	141	60	171	147	134	51	118	111
CI_0699	182	243	137	27	106	128	131	138	129	181	148	120	206	48	125	126	171	38	151	146	175	132	75	137	184	136	189	159	112	137	127	228	101	167	46	254	116	64	203	102	129	117	143	49	136	139	192	110	128	257	173	153	117	119	40	116	137	131	168	25	141	117	139	154	126	232	131	113	149	139	155	28	229	161	135	151	17	116	32	190	233	96	180	138	192	131	19	112	76	114	115	130	142	79	175	155	134	129	22	43
CI_0765	169	261	137	29	48	122	122	52	137	170	145	124	201	48	115	127	163	38	153	143	168	140	75	131	196	143	184	150	112	133	127	220	101	167	46	244	116	64	198	113	121	121	153	49	136	134	202	118	127	251	54	152	118	119	21	122	51	125	180	107	137	117	133	145	145	240	134	116	142	141	159	163	165	26	129	148	17	110	50	200	225	62	64	53	207	128	19	112	113	108	115	131	134	79	167	149	84	124	123	43
CI_0783	168	252	2	115	1	1	121	1	117	25	41	27	1	21	1	1	162	1	1	140	163	120	36	38	124	62	24	1	24	14	1	11	5	164	34	42	114	64	1	1	24	13	23	1	134	1	26	38	124	1	23	30	24	1	11	1	1	31	151	1	133	120	1	1	1	1	1	25	154	1	45	159	12	157	1	1	13	7	14	28	239	173	166	26	1	1	1	1	1	24	1	1	24	1	1	1	1	1	110	1
CI_0884	21	21	16	5	20	22	22	22	20	22	22	23	22	18	61	1	1	1	20	22	22	21	21	23	188	22	22	28	20	22	20	20	19	20	21	258	40	20	24	20	21	20	20	20	22	18	30	20	23	81	14	25	26	22	6	21	18	20	6	116	39	27	21	22	14	23	69	18	26	23	22	22	1	14	1	1	1	7	22	20	7	22	20	22	22	20	19	64	4	19	13	19	13	23	21	21	21	23	19	21
CI_0893	39	19	136	6	13	20	14	14	13	20	45	23	19	27	19	20	16	17	148	19	166	18	1	38	110	20	19	19	17	128	18	217	5	14	19	20	14	14	192	18	18	78	44	17	20	83	19	80	19	244	20	20	19	18	5	19	131	18	22	18	47	24	1	20	19	21	19	14	20	138	20	20	18	20	39	19	20	14	20	183	8	20	165	19	49	127	13	26	4	17	18	17	19	79	19	1	19	83	17	1
CI_0898	39	19	136	6	13	20	14	14	13	20	45	23	19	27	19	20	16	17	148	19	166	18	1	38	110	20	19	19	17	128	18	217	5	14	19	20	14	14	192	18	18	78	44	17	20	83	19	80	19	244	20	20	19	18	5	19	131	18	22	18	47	24	1	20	19	21	19	14	20	138	20	20	18	20	39	19	20	14	20	183	8	20	165	19	49	127	13	26	4	17	18	17	19	79	19	1	19	83	17	1
CI_0918	168	260	19	115	1	1	121	1	117	25	41	140	1	21	1	137	180	1	1	140	163	120	116	41	194	1	36	1	24	25	1	1	41	164	34	42	114	64	1	1	24	13	23	1	134	1	26	38	124	1	23	30	24	1	11	1	1	31	151	1	133	120	147	1	1	238	146	18	26	1	45	5	1	1	1	1	13	7	14	28	35	41	166	26	205	1	1	1	1	24	1	1	24	1	1	1	1	1	110	1
CI_0927	31	19	10	3	13	1	14	14	13	37	45	14	13	5	1	14	8	13	41	14	14	13	42	25	28	25	47	1	14	14	119	45	37	1	34	43	14	14	47	14	13	13	13	12	14	13	13	14	14	17	14	14	13	12	3	1	1	14	3	13	42	5	1	14	14	14	133	11	14	1	14	13	41	14	14	35	13	7	14	13	3	13	14	14	14	13	13	14	13	13	13	13	13	13	14	14	14	14	14	14
CI_0955	188	258	3	124	37	57	134	44	40	191	4	139	210	14	27	16	179	5	47	156	181	139	19	20	193	142	197	17	51	53	3	210	150	64	101	265	6	16	65	3	60	53	5	14	149	147	199	3	16	83	182	163	2	53	17	29	54	54	177	2	145	130	48	159	147	237	18	19	156	55	85	177	239	168	57	66	139	24	107	198	242	139	189	147	203	58	41	118	119	3	123	140	147	138	183	48	6	3	42	112
CI_0973	1	42	24	6	30	39	14	35	1	1	41	41	36	23	1	1	38	36	38	38	41	40	38	45	5	5	41	42	38	42	25	41	1	18	128	47	14	14	45	35	41	37	39	118	40	32	43	36	36	18	42	47	37	39	18	36	1	40	27	32	43	5	34	40	41	42	36	25	1	30	43	41	37	39	33	1	42	34	36	40	33	39	24	39	43	20	20	1	1	30	31	13	35	38	25	1	1	39	33	1
CI_0987	39	14	2	6	13	1	1	1	1	1	1	27	1	21	1	1	1	1	1	1	1	37	27	41	32	1	36	1	24	25	1	218	1	14	1	40	28	1	1	1	24	13	23	1	27	1	1	1	1	19	1	1	1	1	11	1	1	1	22	25	142	27	1	1	1	1	1	25	36	1	1	36	39	1	1	1	1	7	14	28	1	1	1	1	1	1	1	1	1	24	1	37	24	1	1	1	1	1	1	1
CI_1092	2	61	2	2	2	2	28	2	2	188	30	2	1	5	5	5	4	4	5	5	5	5	29	25	28	25	21	5	5	5	5	2	5	51	5	32	21	19	32	5	29	25	19	4	24	5	4	17	26	2	5	5	4	29	14	5	4	5	2	22	5	3	1	5	32	5	5	3	5	4	5	27	3	5	5	5	26	22	27	30	21	31	26	5	5	5	20	5	4	5	4	5	5	5	5	5	5	5	5	5
CI_1096	1	42	24	6	30	39	14	35	1	1	41	41	36	23	1	1	38	36	38	38	41	40	38	45	5	5	41	42	38	42	25	41	1	18	128	47	14	14	45	35	41	37	39	118	40	32	43	36	36	18	42	47	37	39	18	36	1	40	27	32	43	5	34	40	41	42	36	25	1	30	43	41	37	39	33	1	42	34	36	40	33	39	24	39	43	20	20	1	1	30	31	13	35	38	25	1	1	39	33	1
CI_1109	24	25	15	28	2	2	23	2	2	2	30	2	77	5	5	5	75	20	72	5	5	66	31	29	33	63	75	23	5	5	59	22	20	51	45	89	59	19	29	5	5	25	19	4	24	59	4	5	26	30	28	156	25	21	2	61	4	5	2	1	68	3	5	5	25	5	5	3	5	4	77	69	3	75	68	5	22	17	26	46	42	4	5	5	5	5	20	22	22	5	4	5	5	5	5	5	5	5	5	5
CI_1117	24	25	15	28	2	2	23	2	2	2	30	2	77	5	5	5	75	20	72	5	5	66	31	29	33	63	75	23	5	5	59	22	20	51	45	89	59	19	29	5	5	25	19	4	144	59	4	5	26	30	28	156	25	21	2	61	4	5	2	1	68	3	5	5	25	5	5	3	5	4	77	69	3	75	68	5	22	17	26	46	42	4	5	5	5	5	20	22	22	5	4	5	5	5	5	5	5	5	5	5
CI_1415	17	262	16	1	13	135	14	14	138	73	113	23	19	27	37	20	16	17	148	19	20	18	1	38	110	20	198	19	17	128	18	217	5	14	21	20	14	14	192	18	18	78	44	17	20	83	19	119	135	100	20	20	19	18	5	19	1	18	22	18	47	5	21	20	19	21	19	14	20	138	20	20	18	20	39	19	20	14	20	183	8	20	165	19	49	20	115	25	23	17	18	17	19	79	19	1	19	135	17	1
CI_1636	169	233	134	116	104	119	122	132	119	170	144	120	199	116	114	126	160	116	150	142	164	82	75	129	172	128	122	146	25	129	34	219	101	165	46	238	22	108	193	102	120	110	132	108	135	130	179	107	53	242	162	147	117	117	19	105	128	120	152	45	134	39	47	141	126	226	130	113	137	91	155	160	213	158	124	147	17	110	50	62	221	163	167	138	180	128	19	49	76	106	114	129	133	60	165	147	126	51	22	105
CI_1653	177	234	135	116	48	123	126	145	125	175	148	127	203	120	115	126	167	121	156	146	170	127	75	130	179	136	186	157	25	130	123	226	143	173	139	252	116	73	199	105	120	84	136	49	136	136	185	107	134	251	54	77	125	118	30	110	133	129	161	112	140	63	47	148	132	88	134	117	144	143	155	26	221	26	131	151	17	110	50	188	231	163	174	53	188	50	111	112	113	109	74	134	137	134	166	148	131	127	115	107
CI_1660	51	62	46	25	43	49	48	51	43	53	59	55	208	46	48	52	53	125	53	52	55	137	52	59	189	50	60	164	114	131	131	230	148	178	45	260	47	5	58	45	44	38	40	44	51	143	58	113	49	263	178	158	46	52	43	42	48	138	46	43	53	34	42	55	50	63	142	41	60	51	55	51	48	50	141	49	138	3	47	196	238	171	185	144	197	46	39	40	41	41	4	47	49	49	60	53	44	50	30	40
CI_1799	169	234	135	116	48	120	122	133	120	171	145	120	199	117	115	126	161	117	151	143	165	122	57	130	173	128	180	147	25	130	117	220	141	166	46	239	115	64	194	103	121	84	133	49	136	131	179	107	125	243	163	148	118	118	21	106	51	121	154	107	135	117	47	142	127	227	131	113	138	139	156	26	214	158	125	147	129	111	50	184	222	62	168	95	181	50	19	110	76	107	115	130	134	79	166	148	81	121	22	105
CI_1845	51	62	45	123	28	35	48	51	43	53	59	55	208	46	48	52	53	46	53	52	55	50	52	139	57	50	60	53	116	131	131	230	53	178	45	264	47	5	58	45	135	119	150	45	148	143	58	113	43	269	181	162	129	52	43	43	48	138	176	117	144	34	145	55	146	236	144	41	155	152	173	176	238	167	1	159	4	3	47	196	238	171	188	50	202	46	39	117	41	41	4	47	49	49	59	53	44	50	122	40
CI_1874	39	21	10	3	13	1	14	14	13	37	45	14	13	5	37	36	72	13	14	14	14	13	14	14	14	14	14	37	14	37	13	11	37	39	34	43	28	14	14	14	13	13	13	109	14	13	13	14	14	17	14	14	13	12	3	1	1	14	3	66	39	27	1	14	14	14	14	11	14	1	14	13	12	14	126	35	13	7	14	36	3	13	14	14	14	33	13	14	13	13	13	13	13	13	14	14	14	122	14	14
CI_1875	63	71	38	1	52	60	55	60	40	62	63	64	69	3	3	57	65	54	47	56	66	58	19	66	68	59	51	17	3	26	52	65	69	17	6	19	3	16	72	3	3	3	17	15	55	45	15	51	6	247	66	22	2	20	17	29	54	58	150	54	19	44	48	3	56	78	18	44	65	60	66	3	61	62	18	62	63	52	58	78	220	5	76	60	73	15	43	54	53	3	17	3	62	44	69	60	52	3	42	3
CI_1884	63	71	38	1	52	60	55	60	40	62	63	64	69	3	3	57	65	54	47	56	66	58	19	66	68	59	51	17	3	26	52	65	69	17	6	19	3	16	72	3	3	3	17	15	55	45	15	51	6	247	66	22	2	20	17	29	54	58	150	54	19	44	48	3	56	78	18	44	65	60	66	3	61	62	18	62	63	52	58	78	220	5	76	60	73	15	43	54	53	3	17	3	62	44	69	60	52	3	42	3
CI_1915	170	23	15	2	2	43	43	42	2	44	30	2	45	5	5	5	4	20	5	5	5	5	45	25	28	25	21	23	5	49	47	221	20	5	5	5	39	19	29	5	5	25	19	4	24	5	193	5	26	2	5	54	41	44	2	117	4	5	33	108	5	3	5	48	25	229	41	3	5	41	1	27	3	162	5	5	26	22	27	47	41	45	169	5	5	5	33	40	40	33	4	5	23	5	5	5	5	5	5	5
CI_1920	2	2	2	2	2	2	123	2	2	2	30	2	1	5	5	5	165	4	5	5	5	119	5	5	5	5	5	5	5	5	5	2	5	5	5	5	5	5	5	5	5	5	4	4	5	5	4	5	5	2	5	5	4	3	2	5	4	5	2	4	5	3	5	5	5	5	5	3	136	4	5	5	3	5	5	5	4	3	5	4	2	4	5	5	5	5	5	31	32	5	4	5	5	5	5	5	5	5	5	5
CI_1943	2	2	2	2	2	2	2	2	2	2	30	2	1	5	5	5	4	4	5	5	5	119	5	5	5	5	5	5	5	5	130	2	5	5	5	5	5	5	5	5	132	5	4	4	5	5	4	5	5	2	5	5	4	3	2	5	4	5	2	4	5	3	5	5	5	5	5	3	136	4	5	5	3	5	5	5	4	3	5	4	2	4	5	5	5	133	5	5	4	5	4	5	5	5	5	159	137	5	5	5
CI_1964	35	14	10	1	13	1	1	37	35	1	1	2	37	21	1	1	1	1	1	1	1	37	27	41	32	133	36	1	24	25	1	1	41	42	1	40	36	1	35	1	24	38	40	1	27	1	1	1	1	19	1	1	13	1	28	1	1	1	22	25	39	27	1	36	1	1	1	25	36	1	45	36	39	1	1	1	1	7	14	28	1	1	1	1	1	1	1	1	1	24	1	37	24	1	1	1	1	1	1	1
CI_1969	35	14	10	1	13	1	1	37	35	1	1	2	37	21	1	1	1	1	1	1	1	37	27	41	32	133	36	1	24	25	1	1	41	42	1	40	36	1	35	1	24	38	40	1	27	1	1	1	1	19	1	1	13	1	28	1	1	1	22	25	39	27	1	36	1	1	1	25	36	1	45	36	39	1	1	1	1	7	14	28	1	1	1	1	1	1	1	1	1	24	1	37	24	1	1	1	1	1	1	1
CI_2004	169	246	135	29	105	120	122	139	120	171	148	136	199	117	115	126	161	123	151	143	165	122	57	130	173	128	180	147	25	129	127	220	141	166	46	255	116	64	194	103	121	84	144	49	136	140	179	107	130	259	163	153	118	118	21	106	133	133	154	107	135	117	47	155	140	226	65	113	138	145	156	26	213	158	125	147	129	111	50	184	222	62	168	95	181	50	19	110	76	115	115	130	134	79	177	149	84	124	22	108
CI_2009	169	246	135	29	105	120	122	139	120	171	148	136	199	117	115	126	161	123	151	143	165	122	57	130	173	128	180	147	25	129	127	220	141	166	46	255	116	64	194	103	121	84	144	49	136	140	179	107	130	259	163	153	118	118	21	106	133	133	154	107	135	117	47	155	140	226	65	113	138	145	156	26	213	158	125	147	129	111	50	184	222	62	168	95	181	50	19	110	76	115	115	130	134	79	177	149	84	124	22	108
CI_2055	2	2	2	2	2	2	123	2	2	2	30	2	1	5	5	5	185	4	5	5	5	119	5	5	5	5	5	5	5	5	5	2	5	5	5	5	5	5	5	5	5	5	4	4	5	5	4	5	5	2	5	5	4	3	2	5	4	5	2	4	5	3	5	5	5	5	5	3	136	4	5	5	3	5	5	5	4	3	5	4	2	4	5	5	5	5	5	31	32	5	4	5	5	5	5	5	5	5	5	5
CI_2061	2	2	2	2	2	2	123	2	2	2	30	2	1	5	5	5	165	4	5	5	5	119	5	5	5	5	5	5	5	5	5	2	5	5	5	5	5	5	5	5	5	5	4	4	5	5	4	5	5	2	5	5	4	3	2	5	4	5	2	4	5	3	5	5	5	5	5	3	136	4	5	5	3	5	5	5	4	3	5	4	2	4	5	5	5	5	5	31	32	5	4	5	5	5	5	5	5	5	5	5
CI_2230	51	62	45	123	28	35	48	51	43	53	59	55	208	46	48	52	53	46	53	52	55	50	52	139	57	50	60	53	116	131	131	230	53	178	45	264	47	5	58	45	135	119	150	45	148	143	58	113	43	269	181	162	129	52	43	43	48	138	176	117	144	34	145	55	146	236	144	41	155	152	173	176	238	167	1	159	4	3	47	196	238	171	188	50	202	46	39	117	41	41	4	47	49	49	59	53	44	50	122	40
CI_2328	177	234	135	116	48	123	126	136	125	175	148	127	203	120	115	126	167	121	156	146	170	127	75	130	179	136	186	157	25	130	123	226	143	171	46	252	116	73	199	105	120	84	136	49	136	136	185	107	53	251	54	77	125	118	30	110	133	129	161	112	140	63	47	148	132	88	134	117	144	143	155	26	221	26	131	151	17	110	50	188	231	163	174	53	188	50	111	112	113	109	74	134	137	134	173	148	131	127	115	107
CI_2423	173	198	50	29	25	120	100	135	123	173	147	125	166	48	120	94	164	120	154	145	108	125	114	130	176	55	64	151	25	84	121	180	101	94	129	199	117	42	161	47	46	82	137	47	145	48	65	79	53	127	48	157	117	120	26	49	53	134	158	45	138	119	134	146	129	184	135	45	66	142	160	164	165	159	130	149	130	112	32	187	137	122	64	139	191	91	78	82	49	19	61	75	135	133	117	150	129	125	114	43
CI_2439	24	25	15	28	2	118	23	2	2	2	30	2	77	5	5	5	75	20	72	5	5	66	31	29	33	63	75	23	5	5	59	22	20	51	45	89	59	19	29	5	5	25	19	4	24	59	4	5	26	30	5	77	25	21	2	76	4	5	2	1	68	3	5	5	25	5	5	3	5	4	77	69	3	75	68	5	22	17	26	46	42	4	5	5	5	5	20	22	22	5	4	5	5	5	5	5	5	5	5	5
CI_2499	31	115	79	2	2	125	23	134	22	49	24	2	200	5	117	5	4	20	5	5	167	123	23	25	28	25	181	23	5	21	5	22	20	5	5	57	5	19	29	5	122	25	135	4	139	132	4	5	26	6	5	28	4	21	2	5	4	123	2	22	5	3	5	24	128	5	5	3	5	23	24	23	3	5	5	5	26	22	27	26	43	46	26	5	5	5	20	22	22	5	4	5	23	5	5	5	5	5	5	5
CI_2510	183	247	141	21	25	52	132	140	130	184	153	137	207	123	126	132	172	124	162	151	176	133	115	138	185	139	191	161	25	130	128	229	146	174	133	257	22	115	204	108	130	110	145	49	136	141	195	111	131	260	174	147	25	124	41	118	138	135	170	115	135	126	141	141	141	233	139	119	138	146	166	172	230	160	137	156	133	117	50	193	234	62	182	141	193	131	111	5	116	116	121	136	137	136	178	156	135	130	120	109
CI_2533	178	242	140	29	48	124	127	52	125	175	148	129	199	48	122	129	168	21	157	147	172	82	57	132	181	137	180	154	25	136	124	220	101	94	46	116	118	64	200	102	125	112	140	49	136	134	187	109	53	252	162	153	117	122	34	112	134	131	163	114	134	39	137	150	135	88	134	113	145	139	159	168	223	160	132	150	133	114	32	190	228	167	175	140	62	128	112	112	113	111	119	75	134	134	166	153	133	51	22	43
CI_2536	169	243	135	29	48	120	128	52	126	178	148	132	205	122	115	129	168	38	158	149	174	129	75	133	182	138	187	156	25	130	125	226	101	169	131	249	116	64	202	103	127	114	141	49	143	131	189	107	125	254	169	154	126	123	36	114	133	133	164	107	140	63	47	142	137	88	138	117	146	139	162	92	225	26	133	150	135	111	50	188	229	62	176	53	188	13	99	110	76	106	114	131	139	79	170	154	81	129	22	43
CI_2548	173	198	50	29	25	120	100	135	123	173	147	125	166	48	120	94	164	120	154	145	108	125	114	130	176	55	64	151	25	84	121	180	101	94	129	199	117	42	161	47	46	82	137	47	140	48	65	79	53	127	48	110	117	120	26	49	53	126	158	45	138	119	134	146	129	184	135	45	66	142	160	164	165	159	130	149	136	112	32	187	137	122	64	139	191	91	78	82	49	19	61	75	135	133	117	150	129	125	114	43
CI_2605	169	243	135	29	48	120	128	52	126	178	148	132	205	120	115	129	168	38	158	149	174	129	75	133	182	138	201	156	25	130	125	235	101	169	131	249	116	64	202	103	127	114	141	49	143	131	189	107	125	254	169	154	125	123	54	114	133	133	164	107	140	63	47	142	137	88	138	117	146	139	162	183	225	26	133	150	135	111	50	188	229	62	176	53	212	13	99	110	76	106	114	75	139	79	170	154	81	129	22	43
CI_2651	24	25	15	28	2	118	23	2	2	2	30	2	77	5	5	5	75	20	72	5	5	66	31	29	33	63	75	23	5	5	59	22	20	51	45	89	59	19	29	5	5	25	19	4	24	59	4	5	26	30	5	77	25	21	2	76	4	5	2	1	68	3	5	5	25	5	5	3	5	4	77	69	3	75	68	5	22	17	26	46	42	4	5	5	5	5	20	22	22	5	4	5	5	5	5	5	5	5	5	5
CI_2695	169	242	140	29	48	136	127	52	125	175	148	129	199	48	122	129	168	21	157	147	172	82	57	132	181	137	180	154	25	136	124	220	101	94	46	116	118	64	200	114	125	112	140	49	136	134	187	109	53	252	162	153	117	122	34	112	134	131	163	114	134	39	137	150	135	88	134	113	145	139	159	168	223	160	132	150	133	114	32	190	228	167	175	140	209	128	112	112	113	111	119	75	134	134	166	153	133	51	22	43
CI_2705	179	233	135	116	104	126	129	132	119	179	144	127	206	123	124	126	169	116	150	142	164	130	75	134	183	128	122	154	25	129	34	222	101	165	132	250	116	113	193	102	120	115	142	49	135	130	190	107	53	251	170	153	117	117	37	115	135	120	165	45	134	39	47	141	126	226	57	113	137	91	155	170	226	158	124	147	17	110	50	62	221	163	177	141	180	13	99	49	76	19	115	135	140	60	171	147	134	51	118	105
CI_2840	170	23	15	2	2	43	43	42	2	44	30	2	45	5	5	5	4	20	5	5	5	5	45	25	28	25	21	23	5	21	5	221	20	5	5	5	5	19	29	5	5	25	19	4	24	5	4	5	26	2	5	54	41	44	2	5	130	5	33	108	5	3	5	48	25	229	41	3	5	41	1	27	3	5	5	5	26	22	27	47	41	45	169	5	5	5	33	40	40	33	4	5	23	5	5	5	5	5	5	5
CI_2864	21	241	139	67	20	22	22	22	20	22	22	23	204	18	21	23	18	23	20	22	171	21	21	23	35	22	23	28	20	22	20	20	19	14	21	248	40	1	24	70	21	20	20	20	22	18	1	20	23	81	14	25	26	22	6	21	1	20	6	20	22	68	136	22	14	23	21	11	94	23	22	166	222	36	1	1	21	16	22	20	92	22	20	22	122	20	21	23	20	19	13	19	13	23	21	21	21	23	19	21
CI_2950	54	251	145	122	48	132	130	143	129	170	156	120	199	48	115	127	176	38	156	149	177	82	75	131	175	128	195	162	25	130	132	226	5	179	136	261	116	64	205	103	133	114	132	114	136	131	179	107	133	251	54	159	127	119	45	49	140	139	152	45	134	129	47	141	144	88	134	122	153	148	162	175	233	159	130	151	130	116	32	130	60	172	186	145	62	128	19	110	117	112	122	129	145	137	182	160	133	127	121	105
CI_2989	173	198	50	29	25	120	100	135	123	173	147	125	166	48	120	94	164	120	154	145	183	125	114	130	176	55	64	151	25	84	121	180	101	94	129	199	117	42	161	47	46	82	137	47	152	48	65	79	53	127	48	110	117	120	26	49	53	126	158	45	138	33	134	146	129	184	135	45	66	142	160	164	165	159	146	149	130	112	32	187	137	122	64	139	191	91	116	82	49	19	61	75	148	133	117	150	129	125	114	43
CI_2991	173	198	50	29	25	120	100	135	123	173	147	125	166	48	120	94	164	120	154	145	108	125	114	130	176	131	185	151	25	84	121	180	101	94	129	199	117	42	161	47	46	82	137	47	140	48	182	79	53	127	48	110	117	120	26	49	53	126	158	45	138	119	134	146	129	184	135	45	66	142	160	164	165	159	130	149	130	112	32	187	137	122	64	139	185	91	78	82	49	19	61	75	135	133	117	150	129	125	114	43
CI_3036	192	243	135	27	25	120	126	133	126	178	164	132	166	120	115	129	168	38	157	149	174	138	118	63	181	128	180	162	25	129	129	222	101	169	46	244	116	64	200	103	127	114	141	116	143	149	189	107	125	254	169	154	125	123	36	114	133	133	164	107	140	63	47	142	137	88	57	117	146	139	162	92	225	26	133	150	135	111	50	188	244	62	176	53	188	131	112	112	113	106	114	75	139	79	170	154	81	129	22	43
CI_3043	182	243	137	27	106	128	131	138	129	181	148	120	206	48	125	126	171	38	151	146	175	132	75	137	184	140	189	159	112	137	127	228	101	167	46	254	116	64	203	102	129	117	143	49	147	139	192	107	128	257	173	153	117	119	40	116	137	131	168	25	141	117	139	154	126	232	131	113	149	139	155	28	229	161	135	151	17	116	32	190	233	96	180	138	192	131	19	112	76	114	115	130	142	79	175	155	134	129	22	43
CI_3074	182	243	137	116	106	128	131	138	129	181	148	120	206	48	125	126	171	38	151	146	175	132	75	137	184	136	189	159	112	137	127	228	101	168	46	254	116	64	203	102	129	117	143	49	136	139	192	79	85	257	173	153	117	119	40	116	137	131	168	25	134	131	139	141	126	232	131	113	149	139	155	28	223	161	135	151	17	116	32	190	233	96	180	148	192	131	19	112	76	114	115	130	142	79	175	155	134	129	22	43
CI_3252	186	233	147	116	104	133	122	132	119	170	144	120	209	116	114	126	178	116	150	147	164	82	75	129	191	128	122	146	25	129	34	219	149	165	46	244	22	108	193	102	134	110	132	49	135	130	179	107	53	242	179	161	125	117	46	115	135	120	152	45	134	39	47	141	126	234	130	113	137	149	169	160	213	158	124	147	17	110	50	62	221	163	167	138	180	128	19	49	76	106	114	129	133	60	171	147	134	127	22	105
CI_3290	40	40	32	18	29	38	38	34	34	38	46	134	34	36	1	37	36	35	37	37	40	39	37	43	44	22	22	41	37	39	33	39	39	40	37	44	34	34	44	34	40	36	38	32	38	31	41	34	35	16	41	46	36	128	38	35	32	38	26	22	40	19	32	37	1	41	35	28	41	35	42	40	36	38	31	37	40	32	34	39	31	38	38	37	41	36	30	14	38	13	13	34	34	37	172	38	34	38	32	30
CI_3299	193	40	32	18	29	38	38	34	34	38	46	134	34	36	1	37	36	35	37	37	40	39	37	43	44	22	22	41	37	39	33	39	39	40	37	44	34	34	44	34	40	36	38	32	38	31	41	34	35	16	41	46	36	128	38	35	32	38	26	22	40	19	32	37	1	41	35	28	41	35	42	40	36	38	31	37	40	32	34	39	31	38	38	37	41	36	30	14	38	13	13	34	34	37	172	38	34	38	32	30
CI_3421	115	21	16	5	20	22	22	22	20	22	22	23	22	18	61	1	1	1	20	22	22	21	21	23	23	22	22	28	20	22	20	20	19	20	21	22	40	20	24	14	21	20	20	20	22	18	184	20	23	81	14	25	26	22	11	21	18	20	6	66	39	27	21	22	14	23	69	18	26	23	22	22	1	14	1	1	1	7	22	20	7	22	20	22	22	20	19	64	4	19	13	19	13	23	21	21	21	23	19	21
CI_3609	177	234	135	116	48	123	126	136	125	175	148	127	203	120	115	126	167	121	156	146	170	127	75	130	179	136	186	153	25	130	123	223	143	168	46	246	116	73	199	105	120	84	136	49	136	136	185	107	53	251	54	77	125	118	30	110	133	129	161	112	140	63	47	148	132	88	134	117	144	143	155	26	221	26	131	151	17	110	50	188	227	62	174	53	188	50	111	112	113	109	74	134	137	134	166	148	131	127	115	107
CI_3643	24	25	15	28	2	118	23	2	2	2	30	2	77	5	5	5	75	20	72	5	5	66	31	29	33	63	75	23	5	5	59	22	20	51	45	89	59	19	29	5	5	25	19	4	24	59	4	5	26	30	5	77	25	21	2	76	4	5	2	1	68	3	5	5	25	5	5	3	5	4	77	69	3	75	68	5	22	17	26	46	42	4	5	5	194	5	20	22	22	5	4	5	5	5	5	5	5	5	5	5
CI_3812	51	62	45	123	28	35	48	51	43	53	60	55	208	46	48	52	53	46	53	160	55	50	52	139	57	50	60	53	116	49	131	230	53	178	45	260	47	5	58	111	135	119	150	45	148	143	58	113	43	271	181	165	49	52	43	44	48	142	176	117	147	34	42	55	146	236	144	41	157	140	51	176	241	167	145	159	4	122	47	196	238	171	188	50	202	46	39	120	41	41	4	47	49	140	59	164	44	50	122	40
CI_3856	189	61	44	129	112	49	48	51	43	192	58	142	24	129	42	53	183	127	54	159	54	141	53	143	200	145	200	170	117	49	135	230	153	51	45	269	122	116	57	45	45	5	155	44	51	41	58	32	49	271	52	162	49	51	52	42	142	49	181	121	53	132	41	54	149	243	144	40	59	156	177	181	48	169	46	159	50	3	47	201	245	27	191	152	59	45	109	31	32	41	4	47	50	47	185	52	43	49	30	40
CI_3879	24	25	15	28	2	118	23	2	2	2	30	2	77	5	5	5	75	20	72	5	5	66	31	29	33	63	75	23	5	5	59	22	20	51	45	89	59	19	29	5	5	25	19	4	24	59	4	5	137	30	5	77	25	21	2	76	4	5	2	1	68	3	5	5	25	5	5	3	5	4	77	69	3	75	68	5	22	17	26	46	42	4	5	5	5	5	20	22	22	5	4	5	5	5	5	5	5	5	5	5
CI_3889	17	256	136	17	13	20	14	14	13	20	45	23	19	27	19	20	16	17	148	19	20	18	1	38	110	20	19	19	17	128	18	217	5	14	19	20	14	14	192	18	18	78	44	17	20	83	19	80	1	70	20	20	19	18	5	19	1	18	22	18	47	5	1	20	19	21	19	14	20	138	20	20	18	20	39	42	47	86	20	183	8	20	165	19	49	127	13	14	31	17	18	17	19	79	19	1	19	83	17	1
CI_3943	189	63	150	125	43	50	48	51	43	192	59	55	54	46	48	52	53	46	53	52	55	38	52	59	57	50	60	53	45	131	131	234	151	178	45	62	120	5	58	111	135	119	151	45	51	148	200	113	43	270	183	162	47	52	43	43	48	140	178	118	53	34	146	55	148	63	145	41	5	153	173	176	240	51	47	160	4	3	47	199	243	175	190	50	204	46	39	117	41	117	4	47	49	49	59	53	44	50	30	40
CI_3986	182	248	142	29	48	130	130	139	131	185	41	127	199	48	115	133	174	121	156	152	177	134	114	130	186	128	192	162	25	130	34	226	101	175	46	250	116	64	200	102	125	114	146	113	143	131	189	107	132	251	171	155	125	118	39	119	51	136	160	45	134	117	142	148	142	230	134	120	137	142	160	173	165	159	130	148	130	111	50	194	235	169	183	141	195	128	19	112	113	19	61	75	143	137	179	157	134	131	113	105
CI_4071	24	25	15	28	2	118	23	2	2	2	30	2	77	5	5	5	75	20	72	5	5	66	31	29	33	63	75	23	5	5	59	22	20	51	45	89	59	19	29	5	5	25	19	4	24	59	4	5	26	30	5	77	25	21	2	76	4	5	2	1	68	3	5	5	25	5	5	3	5	4	77	69	3	75	68	5	22	17	26	46	42	4	5	5	5	5	20	22	22	5	4	5	5	5	5	5	5	5	5	5
CI_4079	169	266	134	130	48	130	126	147	139	194	165	127	199	130	131	139	167	38	156	149	184	82	75	131	175	128	195	171	25	130	48	220	61	176	134	259	123	64	210	102	127	84	136	49	136	131	204	107	53	273	54	159	127	130	55	115	133	139	154	122	134	63	152	163	137	244	134	113	161	157	180	26	242	26	147	147	133	111	109	190	225	62	68	141	213	128	19	110	121	116	120	75	149	60	182	148	131	127	124	114
CI_4102	177	234	135	29	48	123	126	136	125	175	148	127	203	120	115	126	167	38	161	146	170	127	75	130	179	136	190	157	25	130	123	226	143	173	46	256	116	73	199	102	120	84	136	49	136	136	194	107	53	251	54	77	125	118	30	110	133	129	161	112	140	63	47	148	132	88	134	117	144	143	155	26	221	26	131	155	17	110	50	188	231	163	174	53	188	50	111	112	113	116	120	134	137	134	166	148	131	127	115	107
CI_4108	168	232	19	115	1	1	121	1	117	25	41	2	1	21	1	1	162	1	1	140	163	120	36	38	124	62	24	1	24	14	1	1	41	164	34	42	114	64	1	1	24	13	23	1	134	1	26	38	124	1	160	30	24	1	11	1	1	31	151	1	133	120	1	1	1	1	1	25	36	1	45	159	12	157	1	1	13	7	14	28	112	120	166	26	1	1	1	1	1	24	1	137	24	1	1	1	1	1	110	1
CI_4353	168	260	19	115	1	1	121	1	117	25	41	140	1	21	1	1	180	1	1	140	163	120	116	41	194	1	36	1	24	25	20	1	41	164	34	42	114	64	1	1	24	13	23	1	134	1	26	38	124	1	23	30	24	1	11	1	1	31	151	1	133	120	147	1	1	238	146	18	26	1	45	5	1	1	1	1	13	7	14	28	35	41	166	26	205	1	1	1	1	24	1	1	24	1	1	1	1	1	110	1
CI_4356	63	71	38	121	52	60	55	60	40	62	63	6	69	3	3	57	11	54	47	56	66	58	19	66	68	59	51	17	3	26	52	65	69	17	6	19	3	16	72	3	3	3	17	15	55	45	15	51	6	247	66	22	2	20	17	29	54	58	150	54	19	44	48	3	56	78	18	44	65	60	66	3	61	62	18	62	63	52	57	76	220	5	3	61	73	15	43	54	53	3	17	3	62	44	69	60	52	3	42	3
CI_4360	35	237	10	1	13	1	22	37	35	1	1	2	37	21	1	1	1	1	159	1	1	37	27	41	32	1	36	1	24	25	1	1	41	42	1	40	36	1	35	1	24	38	40	1	27	1	26	1	1	17	37	1	1	1	11	1	1	1	22	25	39	27	1	36	1	1	1	25	36	1	45	36	39	1	14	35	13	7	14	28	230	1	178	14	1	1	1	1	1	24	1	37	24	1	1	1	1	1	1	1
CI_4378	63	71	38	121	52	60	55	60	40	62	63	6	69	3	3	57	11	54	47	56	66	58	19	66	68	59	51	17	3	26	52	65	69	17	6	19	3	16	72	3	3	3	17	15	55	45	15	51	6	247	66	22	2	20	17	29	54	58	150	54	19	44	48	3	56	78	18	44	65	60	66	3	61	62	18	62	63	52	57	76	220	5	3	61	73	15	43	54	53	3	17	3	62	44	69	60	52	3	42	3
CI_4383	39	21	10	3	13	1	14	14	13	37	45	14	13	5	37	36	72	13	14	14	14	13	14	14	14	14	14	37	14	37	13	11	41	39	34	43	28	14	14	14	13	13	13	109	14	13	13	14	14	17	14	14	13	12	3	1	1	14	3	66	39	27	1	14	14	14	14	11	14	1	14	13	12	14	126	35	13	7	14	36	3	13	14	14	14	33	13	14	13	13	13	13	13	13	14	14	14	122	14	14
CI_4395	35	237	10	1	13	1	22	37	35	1	1	2	37	21	1	1	1	1	159	1	1	37	27	41	32	1	36	1	24	25	1	1	41	42	1	40	36	1	35	1	24	38	40	1	27	1	26	1	1	17	37	1	1	1	11	1	1	1	22	25	39	27	1	36	1	1	1	25	36	1	45	36	39	1	14	35	13	7	14	28	230	1	178	14	1	1	1	1	1	24	1	37	24	1	1	1	1	1	1	1
CI_4411	63	71	38	121	52	60	55	60	40	62	63	6	69	3	3	57	11	54	47	56	66	58	19	66	68	59	51	17	3	26	52	65	69	17	6	19	3	16	72	3	3	3	17	15	55	45	15	51	6	247	66	22	2	20	17	29	54	58	150	54	19	44	48	3	56	78	18	44	65	60	66	3	61	62	18	62	63	52	57	76	220	5	3	61	73	15	43	54	53	3	17	3	62	44	69	60	52	3	42	3
CI_4424	63	71	38	121	52	60	55	60	40	62	63	6	69	3	3	57	11	54	47	56	66	58	19	66	68	59	51	17	3	26	52	65	69	17	6	19	3	16	72	3	3	3	17	15	55	45	15	51	6	247	66	22	2	20	17	29	54	58	150	54	19	44	48	3	56	78	18	44	65	60	66	3	61	62	18	62	63	52	57	76	220	5	3	61	73	15	43	54	53	3	17	3	62	44	69	60	52	3	42	3
CI_4428	35	237	10	1	13	1	22	37	35	1	1	2	37	21	1	1	1	1	159	1	1	37	27	41	32	1	36	1	24	25	1	1	41	42	1	40	36	1	35	1	24	38	40	1	27	1	26	1	1	17	37	1	1	1	11	1	1	1	22	25	39	27	1	36	1	1	1	25	36	1	45	36	39	1	14	35	13	7	14	28	230	1	178	14	1	1	1	1	1	24	1	37	24	1	1	1	1	1	1	1
CI_4447	63	71	38	121	52	60	55	60	40	62	63	6	69	3	3	57	11	54	47	56	66	58	19	66	68	59	51	17	3	26	52	65	69	17	6	19	3	16	72	3	3	3	17	15	55	45	15	51	6	247	66	22	2	20	17	29	54	58	150	54	19	44	48	3	56	78	18	44	65	60	66	3	61	62	18	62	63	52	108	76	220	5	3	61	73	15	43	54	53	3	17	3	62	44	69	60	52	3	42	3
CI_4458	39	14	10	3	1	22	14	14	13	37	45	123	13	5	1	14	8	13	14	14	14	13	14	14	14	14	14	1	14	14	13	11	37	14	34	241	14	14	14	14	13	13	13	12	14	13	181	14	14	17	14	14	13	12	3	1	1	14	3	66	39	27	1	14	14	14	14	11	14	1	14	13	12	14	14	35	13	7	14	36	3	13	14	14	14	33	13	14	13	13	13	13	13	13	14	14	14	14	112	14
CI_4806	24	25	15	120	107	129	23	2	2	2	152	2	77	5	5	5	75	20	72	5	5	66	31	29	33	63	75	23	5	5	59	22	20	51	45	89	59	19	29	5	5	25	19	4	24	43	4	5	26	30	5	77	25	21	2	76	4	5	2	1	68	3	5	5	25	5	5	3	5	4	77	69	3	75	68	5	22	17	26	46	42	4	5	5	5	5	20	22	22	5	4	5	5	5	176	5	5	5	5	5
CI_4835	31	115	79	2	2	2	23	45	22	49	24	2	200	5	118	5	4	20	5	5	167	5	23	25	28	25	21	23	5	21	5	22	20	5	5	251	5	19	29	5	123	25	135	4	24	133	4	5	26	6	5	28	4	21	2	5	4	123	2	22	136	3	132	24	128	5	5	3	5	23	24	23	3	5	5	5	26	22	27	26	43	46	26	5	5	5	20	22	22	5	4	5	23	5	5	5	5	5	5	5
CI_4864	31	115	79	2	2	2	23	45	22	49	24	2	200	5	118	5	4	20	5	5	167	5	23	25	28	25	21	23	5	21	5	22	20	5	5	251	5	19	29	5	123	25	135	4	24	133	4	5	26	6	5	28	4	21	2	5	4	123	2	22	136	3	132	24	128	5	5	3	5	23	24	23	3	5	5	5	26	22	27	26	43	46	26	5	5	5	20	22	22	5	4	5	23	5	5	5	5	5	5	5
CI_4909	31	115	79	2	2	2	23	45	22	49	24	2	200	5	118	5	4	20	5	5	167	5	23	25	28	25	21	23	5	21	5	22	20	5	5	251	5	19	29	5	123	25	135	4	24	133	4	5	26	6	5	28	4	21	2	5	4	123	2	22	136	3	132	24	128	5	5	3	5	23	24	23	3	5	5	5	26	22	27	26	43	46	26	5	5	5	20	22	22	5	4	5	23	5	5	5	5	5	5	5
CI_4990	194	63	46	128	43	50	49	51	41	53	60	55	54	47	48	53	183	64	54	53	54	50	52	142	197	144	199	54	46	50	43	53	53	51	45	63	47	5	60	45	44	38	40	44	151	41	58	113	43	271	186	156	47	51	51	44	48	50	178	44	146	34	42	55	51	241	54	41	5	153	176	180	49	51	143	50	141	43	48	60	55	176	60	151	208	46	109	117	41	41	4	47	50	49	184	54	45	50	30	40
CI_5034	184	249	143	122	48	131	126	141	132	186	154	120	112	48	125	129	175	116	163	153	178	135	75	63	187	128	193	163	20	130	125	226	101	176	134	249	116	113	193	107	131	84	147	47	136	142	196	112	53	261	175	110	118	118	42	105	133	120	152	107	134	127	47	156	142	88	140	113	151	142	167	174	231	158	139	147	53	61	61	87	236	170	184	142	196	50	111	112	113	19	61	138	144	60	180	147	134	132	22	110
CI_5198	24	25	15	28	2	118	23	2	2	2	30	2	77	5	5	5	75	20	72	5	5	66	31	29	33	63	75	23	5	5	59	22	20	51	45	89	59	19	29	5	5	25	19	4	24	59	4	5	26	30	5	77	25	21	2	76	4	5	2	1	68	3	5	5	25	5	5	3	5	4	77	69	3	75	68	5	22	17	26	46	42	4	5	5	5	5	20	22	22	5	4	5	5	5	5	5	5	5	5	5
CI_5245	168	232	19	115	1	1	121	1	117	25	41	2	1	21	1	1	162	1	1	140	163	120	36	38	124	62	24	1	24	14	1	1	41	164	34	42	114	64	1	1	24	13	23	1	134	1	26	38	124	5	160	1	13	1	11	1	1	31	151	1	133	116	1	1	1	1	1	25	36	1	45	159	12	157	1	1	13	7	14	28	112	120	166	26	1	1	1	1	1	24	1	1	24	1	1	1	1	1	110	1
CI_5254	168	232	19	115	1	1	121	1	117	25	41	2	1	21	1	1	162	1	1	140	163	120	36	38	124	62	24	1	24	14	1	1	41	164	34	42	114	64	1	1	24	13	23	1	134	1	26	38	124	5	160	1	13	1	11	1	1	31	151	1	133	116	1	1	1	1	1	25	36	1	45	159	12	157	1	1	13	7	14	28	112	120	166	26	1	1	1	1	1	24	1	1	24	1	1	1	1	1	110	1
CI_5265	168	232	19	115	1	1	121	1	117	25	41	2	1	21	1	1	162	1	1	140	163	120	36	38	124	62	24	1	24	14	1	1	41	164	34	42	114	64	1	1	24	13	23	1	134	1	26	38	124	5	160	1	13	1	11	1	1	31	151	1	133	116	1	1	1	1	1	25	36	1	45	159	12	157	1	1	13	7	14	28	112	120	166	26	1	1	1	1	1	24	1	1	24	1	1	1	1	1	110	1
CI_5292	168	232	19	115	1	1	121	1	117	25	41	2	1	21	1	1	162	1	1	140	163	120	36	38	124	62	24	1	24	14	1	1	41	164	34	42	114	64	1	1	24	13	23	1	134	1	26	38	124	5	160	1	13	1	11	1	1	31	151	1	133	116	1	1	1	1	1	25	36	1	45	159	12	157	1	1	13	7	14	28	112	120	166	26	1	1	1	1	1	24	1	1	24	1	1	1	1	1	110	1
CI_5300	168	232	19	115	1	1	121	1	117	25	41	2	1	21	1	1	162	1	1	140	163	120	36	38	124	62	24	1	24	14	1	1	41	164	34	42	114	64	1	1	24	13	23	1	134	1	26	38	124	5	160	1	13	1	11	1	1	31	151	1	133	116	1	1	1	1	1	25	36	1	45	159	12	157	1	1	13	7	14	28	112	120	166	26	1	1	1	1	1	24	1	1	24	1	1	1	1	1	110	1
CI_5328	39	14	2	1	13	1	1	1	1	1	1	27	1	21	1	1	1	1	1	1	1	37	27	41	32	1	36	1	24	25	1	218	1	14	1	237	28	1	1	1	24	13	23	1	27	1	1	1	1	19	1	1	1	1	11	1	1	1	155	25	36	5	1	1	1	1	1	25	36	1	14	36	39	1	1	1	1	7	14	28	1	1	1	1	1	1	1	1	1	24	1	37	24	1	1	1	128	1	1	1
CI_5357	39	14	2	1	13	1	1	1	1	1	1	27	1	21	1	1	1	1	1	1	1	37	27	41	32	1	36	1	24	25	1	218	1	14	1	237	28	1	1	1	24	13	23	1	27	1	1	1	1	19	1	1	1	1	11	1	1	1	169	25	36	5	1	1	1	28	62	25	36	1	14	36	39	1	1	1	1	7	14	28	1	1	1	1	1	1	1	1	1	24	1	37	24	1	1	1	1	1	1	1
CI_5429	39	14	2	1	13	1	1	1	1	182	1	27	1	21	1	1	1	1	1	1	1	37	27	41	32	1	36	1	24	25	1	218	1	14	1	237	28	1	1	1	24	13	23	1	27	1	1	1	1	19	1	1	1	1	11	1	1	1	155	25	36	5	1	1	1	1	1	25	36	1	14	36	39	1	1	1	1	7	14	28	1	1	1	1	1	1	1	1	1	24	1	37	24	1	1	1	1	1	1	1
CI_5692	39	21	10	3	13	1	14	14	13	37	45	14	13	5	37	36	72	13	14	14	14	120	14	14	14	14	14	37	14	37	13	1	41	39	34	43	28	14	14	14	13	13	13	109	14	13	13	14	14	17	14	14	13	34	3	1	1	14	3	66	39	27	1	14	14	14	14	11	14	1	14	13	12	14	126	35	13	7	14	36	3	13	14	14	14	33	13	14	13	13	13	13	136	13	14	14	14	122	14	14
CI_5889	39	21	10	3	13	1	14	14	13	37	45	14	13	5	37	36	72	13	14	14	14	120	14	14	14	14	14	37	14	37	13	1	41	39	34	43	28	14	14	14	13	13	13	109	14	13	13	14	14	17	14	14	13	34	3	1	1	14	3	66	39	27	1	14	14	14	14	11	14	1	14	13	12	14	126	35	13	7	14	36	3	13	14	14	14	33	13	14	13	13	13	13	136	13	14	14	14	122	14	14
CI_5906	35	14	10	1	13	1	1	37	35	1	1	121	37	21	1	1	1	1	1	1	1	37	27	41	32	1	36	1	24	25	1	1	41	42	1	40	36	1	35	1	24	38	40	1	27	1	1	1	1	19	1	1	13	1	11	1	1	1	22	25	39	27	1	36	1	1	1	25	36	1	45	36	39	1	1	1	1	7	14	28	1	1	1	1	1	1	1	1	1	24	1	37	24	1	1	1	1	1	1	1
CI_5943	31	19	10	3	13	1	14	14	13	37	45	14	13	5	1	14	8	13	41	14	14	13	42	25	28	25	47	1	14	14	35	45	37	1	34	43	14	14	47	14	13	13	13	12	14	33	13	14	14	17	14	14	13	12	3	1	1	14	3	13	42	5	1	14	14	14	14	11	14	1	14	13	41	14	14	35	134	7	14	13	3	13	14	14	14	13	32	14	13	13	13	13	13	13	14	14	14	14	14	14
CI_5947	31	19	10	3	13	1	14	14	13	37	45	14	13	5	1	14	8	13	41	14	14	13	42	25	28	25	47	1	14	14	35	45	37	1	34	43	14	14	47	14	13	13	13	12	14	33	13	14	14	17	14	14	13	12	3	1	1	14	3	13	42	5	1	14	14	14	14	11	14	1	14	13	41	14	14	35	134	7	14	13	3	13	14	14	14	13	32	14	13	13	13	13	13	13	14	14	14	14	14	14
CI_5997	1	2	2	1	1	1	1	24	23	174	48	27	38	119	1	1	39	1	26	1	26	23	28	78	31	29	43	43	24	138	1	1	14	18	24	1	22	1	1	1	24	13	13	1	27	1	26	23	27	4	23	14	23	41	27	27	21	26	10	25	25	14	1	1	43	1	26	1	143	25	27	74	1	24	1	1	13	7	14	28	35	41	41	27	1	1	1	29	1	24	1	1	24	1	42	151	33	37	1	1